"TOA5","TrailerWLEF","CR3000","8727","CR3000.Std.27","CPU:TRAILER_V1.CR3","26780","fastData"
"TIMESTAMP","RECORD","top_co2","top_h20","top_t","mid_co2","mid_h20","mid_t","bot_co2","bot_h20","bot_t","top_t2","mid_t2","bot_t2","top_p","mid_p","bot_p"
"TS","RN","volts","volts","C","volts","volts","C","volts","volts","C","C","C","C","kPa","kPa","kPa"
"","","Smp","Smp","Smp","Smp","Smp","Smp","Smp","Smp","Smp","Smp","Smp","Smp","Smp","Smp","Smp"
"2014-01-13 19:47:41.2",0,-455.1,-781.1,-5.093,-283.1,-276.9,-3.396,-265.5,-293.5,-3.81,-53.41,-10.61,-20.85,13.3,-1.475,-8.18
"2014-01-13 19:47:41.3",1,-454.6,-785.4,-5.33,-320.2,-313.3,-3.744,-276,-317.6,-3.953,-53.53,-14.69,-21.75,11.95,-2.241,-8.21
"2014-01-13 19:47:41.4",2,-454.3,-789.4,-5.56,-355.9,-349.4,-4.09,-289.2,-342.3,-4.09,-53.65,-18.27,-22.52,10.51,-3.056,-8.27
"2014-01-13 19:47:41.5",3,-454.1,-793.2,-5.779,-390.5,-384.4,-4.443,-304.7,-367.6,-4.249,-53.77,-21.44,-23.21,8.96,-3.905,-8.38
"2014-01-13 19:47:41.6",4,-454,-797,-5.99,-424.1,-418.8,-4.791,-322.4,-393,-4.434,-53.87,-24.24,-23.81,7.348,-4.795,-8.55
"2014-01-13 19:47:41.7",5,-453.8,-800,-6.198,-456.8,-452.8,-5.143,-341.8,-418.8,-4.638,-53.98,-26.71,-24.38,5.675,-5.719,-8.77
"2014-01-13 19:47:41.8",6,-453.6,-804,-6.395,-488.6,-486.3,-5.497,-362.6,-445.1,-4.863,-54.09,-28.89,-24.94,3.958,-6.666,-9.01
"2014-01-13 19:47:41.9",7,-453.3,-807,-6.586,-519.1,-518.9,-5.85,-384.7,-471.4,-5.103,-54.22,-30.83,-25.54,2.215,-7.643,-9.31
"2014-01-13 19:47:42",8,-453.5,-811,-6.769,-549.1,-551.1,-6.202,-408.1,-498.2,-5.358,-54.35,-32.55,-26.13,0.445,-8.64,-9.65
"2014-01-13 19:47:42.1",9,-453.5,-814,-6.949,-578,-582.3,-6.554,-432.7,-525.2,-5.624,-54.49,-34.09,-26.72,-1.308,-9.66,-10.04
"2014-01-13 19:47:42.2",10,-453.3,-817,-7.12,-606,-613.1,-6.906,-457.6,-552.2,-5.902,-54.66,-35.46,-27.31,-3.069,-10.69,-10.46
"2014-01-13 19:47:42.3",11,-453.3,-820,-7.287,-633.4,-643.3,-7.257,-483.6,-579.6,-6.186,-54.84,-36.69,-27.9,-4.799,-11.75,-10.93
"2014-01-13 19:47:42.4",12,-453.1,-823,-7.448,-659.6,-672.8,-7.605,-510.2,-607,-6.478,-55.03,-37.8,-28.47,-6.512,-12.8,-11.43
"2014-01-13 19:47:42.5",13,-453.1,-825,-7.603,-685.2,-701.8,-7.951,-537.2,-634.5,-6.773,-55.24,-38.79,-29.02,-8.2,-13.87,-11.98
"2014-01-13 19:47:42.6",14,-453.3,-828,-7.752,-710.1,-730.2,-8.3,-564.8,-662.1,-7.071,-55.47,-39.68,-29.55,-9.84,-14.95,-12.54
"2014-01-13 19:47:42.7",15,-453.5,-831,-7.895,-734,-758.2,-8.64,-592.5,-689.9,-7.377,-55.72,-40.5,-30.07,-11.45,-16.03,-13.15
"2014-01-13 19:47:42.8",16,-453.6,-833,-8.03,-757,-785.4,-8.98,-620.7,-717.6,-7.683,-55.98,-41.23,-30.58,-13.03,-17.11,-13.78
"2014-01-13 19:47:42.9",17,-453.6,-836,-8.17,-779.8,-812,-9.32,-649,-745.5,-7.987,-56.27,-41.91,-31.08,-14.56,-18.19,-14.44
"2014-01-13 19:47:43",18,-453.8,-838,-8.3,-802,-838,-9.65,-677.6,-773.4,-8.3,-56.58,-42.52,-31.55,-16.05,-19.28,-15.12
"2014-01-13 19:47:43.1",19,-453.8,-840,-8.42,-823,-864,-9.98,-706.1,-801,-8.61,-56.9,-43.08,-32.03,-17.51,-20.35,-15.83
"2014-01-13 19:47:43.2",20,-453.8,-842,-8.54,-843,-889,-10.31,-734.8,-829,-8.92,-57.24,-43.61,-32.49,-18.93,-21.43,-16.55
"2014-01-13 19:47:43.3",21,-453.8,-844,-8.66,-863,-913,-10.64,-763.3,-856,-9.22,-57.61,-44.1,-32.94,-20.31,-22.51,-17.3
"2014-01-13 19:47:43.4",22,-453.8,-846,-8.77,-883,-937,-10.96,-791.8,-884,-9.53,-57.98,-44.55,-33.37,-21.65,-23.57,-18.06
"2014-01-13 19:47:43.5",23,-453.8,-848,-8.88,-901,-961,-11.28,-820,-912,-9.84,-58.38,-44.97,-33.81,-22.97,-24.64,-18.85
"2014-01-13 19:47:43.6",24,-453.8,-850,-8.99,-920,-984,-11.59,-849,-939,-10.15,-58.8,-45.36,-34.23,-24.25,-25.69,-19.64
"2014-01-13 19:47:43.7",25,-454,-852,-9.09,-937,-1006,-11.9,-877,-966,-10.45,-59.23,-45.74,-34.65,-25.5,-26.73,-20.45
"2014-01-13 19:47:43.8",26,-453.6,-854,-9.18,-954,-1028,-12.21,-905,-994,-10.75,-59.68,-46.08,-35.06,-26.72,-27.77,-21.27
"2014-01-13 19:47:43.9",27,-453.8,-855,-9.28,-971,-1050,-12.52,-933,-1021,-11.05,-60.15,-46.43,-35.45,-27.92,-28.8,-22.1
"2014-01-13 19:47:44",28,-453.8,-857,-9.37,-987,-1071,-12.82,-961,-1048,-11.35,-60.64,-46.75,-35.85,-29.08,-29.82,-22.94
"2014-01-13 19:47:44.1",29,-453.8,-858,-9.46,-1002,-1091,-13.11,-989,-1075,-11.64,-61.14,-47.05,-36.22,-30.24,-30.82,-23.78
"2014-01-13 19:47:44.2",30,-453.6,-860,-9.54,-1017,-1111,-13.4,-1016,-1102,-11.94,-61.65,-47.35,-36.6,-31.36,-31.83,-24.63
"2014-01-13 19:47:44.3",31,-453.8,-861,-9.63,-1032,-1131,-13.69,-1044,-1128,-12.23,-62.18,-47.62,-36.96,-32.47,-32.82,-25.49
"2014-01-13 19:47:44.4",32,-453.8,-863,-9.7,-1046,-1150,-13.97,-1071,-1154,-12.52,-62.72,-47.9,-37.31,-33.56,-33.8,-26.35
"2014-01-13 19:47:44.5",33,-454.1,-864,-9.78,-1060,-1169,-14.25,-1097,-1181,-12.81,-63.27,-48.17,-37.66,-34.63,-34.77,-27.22
"2014-01-13 19:47:44.6",34,-454.1,-865,-9.86,-1073,-1187,-14.53,-1124,-1207,-13.09,-63.84,-48.43,-38,-35.68,-35.73,-28.09
"2014-01-13 19:47:44.7",35,-454.3,-867,-9.93,-1086,-1205,-14.8,-1150,-1232,-13.37,-64.43,-48.68,-38.33,-36.72,-36.68,-28.97
"2014-01-13 19:47:44.8",36,-454.1,-868,-9.99,-1098,-1223,-15.07,-1176,-1258,-13.65,-65.02,-48.93,-38.65,-37.74,-37.62,-29.84
"2014-01-13 19:47:44.9",37,-454,-869,-10.06,-1111,-1240,-15.33,-1201,-1284,-13.93,-65.62,-49.18,-38.97,-38.75,-38.54,-30.71
"2014-01-13 19:47:45",38,-454.1,-870,-10.13,-1122,-1257,-15.58,-1227,-1309,-14.2,-66.24,-49.41,-39.27,-39.75,-39.46,-31.6
"2014-01-13 19:47:45.1",39,-454,-871,-10.19,-1134,-1273,-15.84,-1252,-1334,-13.65,-23.43,1.599,-39.79,-40.51,-40.17,-32.43
"2014-01-13 19:47:45.2",40,-454,-872,-10.24,-1145,-1289,-16.08,-1236,-1333,-13.12,-39.48,0.953,1.994,-35.62,-39.53,-32.88
"2014-01-13 19:47:45.3",41,-454.1,-873,-10.3,-1155,-1304,-16.33,-1222,-1333,-12.69,-49.62,-3.161,-0.529,18.07,-0.634,-30.68
"2014-01-13 19:47:45.4",42,-454.1,-874,-10.36,-1166,-1319,-16.57,-1213,-1336,-12.33,-56.24,-7.213,-2.669,17.07,-1.299,-29
"2014-01-13 19:47:45.5",43,-454.1,-875,-10.41,-1176,-1334,-16.81,-1208,-1341,-12.04,-60.76,-11.1,-4.586,16.02,-1.999,-30.65
"2014-01-13 19:47:45.6",44,-454.1,-876,-10.46,-1185,-1349,-17.04,-1206,-1348,-11.81,-63.88,-14.79,-6.32,14.89,-2.747,-26.52
"2014-01-13 19:47:45.7",45,-454.5,-877,-10.51,-1195,-1363,-17.27,-1207,-1357,-11.65,-66.07,-18.22,-7.922,13.67,-3.527,-25.7
"2014-01-13 19:47:45.8",46,-454.5,-878,-10.56,-1204,-1377,-17.49,-1211,-1367,-11.54,-67.62,-21.34,-9.43,12.35,-4.341,-25.03
"2014-01-13 19:47:45.9",47,-454.3,-879,-10.61,-1213,-1390,-17.71,-1217,-1378,-11.48,-68.76,-24.16,-10.85,10.96,-5.182,-24.46
"2014-01-13 19:47:46",48,-454.5,-880,-10.65,-1221,-1403,-17.93,-1226,-1391,-11.46,-69.67,-26.7,-12.19,9.49,-6.049,-24
"2014-01-13 19:47:46.1",49,-454.6,-881,-10.69,-1229,-1416,-18.14,-1236,-1404,-11.48,-70.4,-28.98,-13.46,7.96,-6.934,-23.59
"2014-01-13 19:47:46.2",50,-454.6,-881,-10.74,-1238,-1429,-18.34,-1248,-1418,-11.54,-71.08,-31.03,-14.66,6.388,-7.846,-23.26
"2014-01-13 19:47:46.3",51,-454.8,-882,-10.78,-1245,-1441,-18.55,-1262,-1433,-11.62,-71.72,-32.89,-15.81,4.777,-8.77,-22.99
"2014-01-13 19:47:46.4",52,-455.1,-883,-10.82,-1253,-1452,-18.75,-1276,-1449,-11.74,-72.34,-34.58,-16.89,3.148,-9.72,-22.77
"2014-01-13 19:47:46.5",53,-455,-884,-10.86,-1260,-1464,-18.95,-1292,-1466,-11.87,-72.94,-36.11,-17.95,1.51,-10.68,-22.61
"2014-01-13 19:47:46.6",54,-455,-884,-10.89,-1267,-1476,-19.14,-1308,-1483,-12.03,-73.53,-37.5,-18.95,-0.123,-11.65,-22.52
"2014-01-13 19:47:46.7",55,-455.3,-885,-10.93,-1274,-1487,-19.32,-1326,-1500,-12.2,-74.1,-38.77,-19.93,-1.757,-12.63,-22.47
"2014-01-13 19:47:46.8",56,-455.3,-885,-10.96,-1281,-1498,-19.51,-1344,-1518,-12.39,-74.66,-39.94,-20.86,-3.386,-13.61,-22.48
"2014-01-13 19:47:46.9",57,-455.3,-886,-10.99,-1287,-1508,-19.69,-1362,-1536,-12.6,-75.21,-41,-21.76,-5.002,-14.61,-22.53
"2014-01-13 19:47:47",58,-455.3,-887,-11.02,-1293,-1518,-19.86,-1381,-1554,-12.81,-75.76,-41.97,-22.63,-6.595,-15.62,-22.64
"2014-01-13 19:47:47.1",59,-455.3,-887,-11.05,-1299,-1529,-20.04,-1400,-1573,-13.04,-76.27,-42.88,-23.48,-8.17,-16.63,-22.79
"2014-01-13 19:47:47.2",60,-455.4,-888,-11.09,-1305,-1538,-20.21,-1419,-1592,-13.28,-76.8,-43.71,-24.31,-9.72,-17.64,-22.99
"2014-01-13 19:47:47.3",61,-455.3,-888,-11.12,-1311,-1548,-20.38,-1439,-1611,-13.51,-77.31,-44.49,-25.11,-11.24,-18.66,-23.23
"2014-01-13 19:47:47.4",62,-455.4,-889,-11.14,-1316,-1557,-20.54,-1459,-1630,-13.76,-77.82,-45.2,-25.88,-12.75,-19.68,-23.51
"2014-01-13 19:47:47.5",63,-455.6,-889,-11.17,-1321,-1566,-20.7,-1479,-1649,-14.01,-78.3,-45.85,-26.64,-14.24,-20.69,-23.82
"2014-01-13 19:47:47.6",64,-455.6,-890,-11.19,-1327,-1575,-20.85,-1499,-1668,-14.27,-78.81,-46.45,-27.38,-15.69,-21.71,-24.17
"2014-01-13 19:47:47.7",65,-455.6,-890,-11.22,-1332,-1584,-21,-1519,-1687,-14.53,-79.3,-47.03,-28.09,-17.13,-22.74,-24.55
"2014-01-13 19:47:47.8",66,-455.6,-891,-11.24,-1336,-1592,-21.15,-1539,-1706,-14.79,-79.8,-47.57,-28.78,-18.54,-23.75,-24.97
"2014-01-13 19:47:47.9",67,-455.6,-891,-11.27,-1341,-1600,-21.3,-1559,-1725,-15.05,-80.3,-48.07,-29.46,-19.92,-24.77,-25.43
"2014-01-13 19:47:48",68,-455.4,-892,-11.29,-1346,-1608,-21.44,-1578,-1744,-15.32,-80.8,-48.54,-30.12,-21.29,-25.79,-25.9
"2014-01-13 19:47:48.1",69,-455.4,-892,-11.31,-1350,-1616,-21.58,-1598,-1763,-15.59,-81.3,-48.99,-30.77,-22.63,-26.8,-26.4
"2014-01-13 19:47:48.2",70,-455.4,-892,-11.33,-1354,-1624,-21.72,-1618,-1782,-15.85,-81.7,-49.42,-31.39,-23.96,-27.82,-26.93
"2014-01-13 19:47:48.3",71,-455.6,-893,-11.35,-1358,-1631,-21.85,-1637,-1801,-16.11,-82.2,-49.81,-32.01,-25.26,-28.83,-27.48
"2014-01-13 19:47:48.4",72,-455.9,-893,-11.37,-1363,-1638,-21.98,-1657,-1819,-16.38,-82.7,-50.19,-32.62,-26.55,-29.82,-28.05
"2014-01-13 19:47:48.5",73,-456.1,-894,-11.39,-1367,-1645,-22.11,-1676,-1838,-16.64,-83.2,-50.55,-33.19,-27.81,-30.83,-28.65
"2014-01-13 19:47:48.6",74,-455.9,-894,-11.41,-1370,-1652,-22.23,-1694,-1856,-16.91,-83.7,-50.9,-33.75,-29.06,-31.83,-29.27
"2014-01-13 19:47:48.7",75,-455.9,-895,-11.43,-1374,-1659,-22.35,-1713,-1874,-17.17,-84.2,-51.23,-34.31,-30.29,-32.82,-29.9
"2014-01-13 19:47:48.8",76,-455.9,-895,-11.44,-1377,-1665,-22.47,-1731,-1892,-17.43,-84.7,-51.55,-34.84,-31.5,-33.8,-30.56
"2014-01-13 19:47:48.9",77,-456.1,-895,-11.46,-1381,-1671,-22.58,-1750,-1910,-17.69,-85.2,-51.86,-35.36,-32.69,-34.78,-31.22
"2014-01-13 19:47:49",78,-456.3,-896,-11.47,-1384,-1678,-22.7,-1767,-1927,-17.94,-85.7,-52.14,-35.89,-33.87,-35.77,-31.91
"2014-01-13 19:47:49.1",79,-456.4,-896,-11.49,-1387,-1684,-22.81,-1785,-1944,-18.19,-86.3,-52.43,-36.38,-35.04,-36.74,-32.61
"2014-01-13 19:47:49.2",80,-456.1,-896,-11.51,-1390,-1689,-22.92,-1803,-1961,-18.45,-86.8,-52.71,-36.87,-36.19,-37.71,-33.32
"2014-01-13 19:47:49.3",81,-456.1,-897,-11.52,-1393,-1695,-23.02,-1820,-1978,-18.69,-87.3,-52.97,-37.34,-37.32,-38.66,-34.04
"2014-01-13 19:47:49.4",82,-455.9,-897,-11.53,-1396,-1701,-23.13,-1837,-1995,-18.94,-87.9,-53.23,-37.8,-38.45,-39.62,-34.78
"2014-01-13 19:47:49.5",83,-456.3,-897,-11.55,-1399,-1706,-23.23,-1854,-2012,-19.18,-88.5,-53.49,-38.25,-39.56,-40.57,-35.52
"2014-01-13 19:47:49.6",84,-456.3,-898,-11.56,-1402,-1711,-23.33,-1870,-2028,-19.42,-89.1,-53.74,-38.68,-40.65,-41.51,-36.28
"2014-01-13 19:47:49.7",85,-456.1,-898,-11.57,-1405,-1716,-23.42,-1886,-2044,-19.66,-89.7,-53.99,-39.12,-41.74,-42.45,-37.04
"2014-01-13 19:47:49.8",86,-456.3,-898,-11.59,-1407,-1721,-23.51,-1902,-2060,-19.89,-90.3,-54.24,-39.54,-42.81,-43.39,-37.82
"2014-01-13 19:47:49.9",87,-456.6,-899,-11.6,-1410,-1726,-23.61,-1918,-2075,-20.12,-90.9,-54.49,-39.95,-43.88,-44.31,-38.59
"2014-01-13 19:47:50",88,-456.6,-899,-11.61,-1412,-1731,-23.7,-1934,-2090,-20.35,-91.6,-54.73,-40.34,-44.93,-45.23,-39.38
"2014-01-13 19:47:50.1",89,-456.4,-899,-11.62,-1414,-1735,-23.78,-1949,-2106,-19.57,-42.25,3.19,-40.88,-45.68,-45.89,-40.11
"2014-01-13 19:47:50.2",90,-456.6,-899,-11.63,-1417,-1740,-23.87,-1912,-2086,-18.83,-65.55,1.359,1.931,-39.31,-45.07,-40.4
"2014-01-13 19:47:50.3",91,-456.8,-899,-11.64,-1419,-1744,-23.95,-1877,-2067,-18.19,-79.05,-3.196,-0.609,18.05,-0.652,-36.54
"2014-01-13 19:47:50.4",92,-456.9,-900,-11.65,-1421,-1748,-24.03,-1849,-2053,-17.66,-87.4,-6.984,-2.841,17.03,-1.334,-33.77
"2014-01-13 19:47:50.5",93,-457.1,-900,-11.66,-1423,-1752,-24.11,-1827,-2042,-17.22,-92.5,-10.55,-4.861,15.92,-2.065,-34.21
"2014-01-13 19:47:50.6",94,-456.9,-900,-11.67,-1425,-1756,-24.19,-1809,-2034,-16.85,-95.7,-14.1,-6.726,14.71,-2.84,-29.2
"2014-01-13 19:47:50.7",95,-456.8,-900,-11.68,-1427,-1760,-24.26,-1795,-2029,-16.56,-97.6,-17.57,-8.45,13.38,-3.659,-28.12
"2014-01-13 19:47:50.8",96,-456.8,-900,-11.69,-1429,-1764,-24.33,-1785,-2026,-16.33,-98.4,-20.92,-10.1,11.91,-4.517,-27.28
"2014-01-13 19:47:50.9",97,-456.8,-901,-11.7,-1431,-1768,-24.4,-1778,-2024,-16.16,-98.8,-24.09,-11.65,10.35,-5.407,-26.6
"2014-01-13 19:47:51",98,-456.9,-901,-11.71,-1433,-1771,-24.47,-1775,-2025,-16.04,-98.7,-27.07,-13.12,8.68,-6.327,-26.06
"2014-01-13 19:47:51.1",99,-456.8,-901,-11.72,-1435,-1775,-24.54,-1773,-2027,-15.96,-98.5,-29.84,-14.53,6.934,-7.278,-25.61
"2014-01-13 19:47:51.2",100,-456.8,-901,-11.72,-1436,-1778,-24.61,-1774,-2030,-15.93,-98.3,-32.38,-15.92,5.138,-8.25,-25.24
"2014-01-13 19:47:51.3",101,-456.6,-901,-11.73,-1438,-1782,-24.67,-1777,-2034,-15.94,-98.1,-34.67,-17.26,3.293,-9.24,-24.94
"2014-01-13 19:47:51.4",102,-456.8,-901,-11.74,-1439,-1785,-24.74,-1781,-2040,-15.98,-97.8,-36.72,-18.48,1.427,-10.26,-24.71
"2014-01-13 19:47:51.5",103,-456.8,-902,-11.74,-1441,-1788,-24.8,-1787,-2046,-16.05,-97.7,-38.56,-19.56,-0.436,-11.29,-24.55
"2014-01-13 19:47:51.6",104,-456.6,-902,-11.75,-1442,-1791,-24.86,-1794,-2053,-16.15,-97.5,-40.21,-20.58,-2.294,-12.34,-24.45
"2014-01-13 19:47:51.7",105,-456.8,-902,-11.75,-1444,-1794,-24.92,-1803,-2061,-16.27,-97.4,-41.67,-21.56,-4.143,-13.4,-24.41
"2014-01-13 19:47:51.8",106,-456.8,-902,-11.76,-1445,-1797,-24.97,-1812,-2069,-16.42,-97.3,-43,-22.51,-5.97,-14.48,-24.43
"2014-01-13 19:47:51.9",107,-456.8,-902,-11.77,-1446,-1800,-25.03,-1822,-2078,-16.57,-97.2,-44.18,-23.43,-7.767,-15.55,-24.51
"2014-01-13 19:47:52",108,-456.8,-902,-11.77,-1448,-1803,-25.08,-1833,-2087,-16.75,-97.1,-45.25,-24.33,-9.54,-16.64,-24.63
"2014-01-13 19:47:52.1",109,-456.8,-902,-11.78,-1449,-1805,-25.13,-1844,-2097,-16.93,-97.1,-46.21,-25.19,-11.29,-17.74,-24.82
"2014-01-13 19:47:52.2",110,-456.8,-903,-11.78,-1450,-1808,-25.19,-1856,-2107,-17.13,-97,-47.08,-26.03,-13,-18.84,-25.05
"2014-01-13 19:47:52.3",111,-456.8,-903,-11.79,-1451,-1810,-25.24,-1868,-2118,-17.34,-97,-47.87,-26.86,-14.69,-19.95,-25.32
"2014-01-13 19:47:52.4",112,-456.8,-903,-11.79,-1452,-1813,-25.28,-1881,-2128,-17.55,-97,-48.6,-27.66,-16.34,-21.06,-25.64
"2014-01-13 19:47:52.5",113,-456.8,-903,-11.8,-1454,-1815,-25.33,-1894,-2139,-17.77,-97,-49.25,-28.44,-17.97,-22.17,-26
"2014-01-13 19:47:52.6",114,-456.9,-903,-11.8,-1455,-1818,-25.38,-1907,-2150,-17.99,-97,-49.85,-29.2,-19.56,-23.29,-26.4
"2014-01-13 19:47:52.7",115,-456.9,-903,-11.81,-1456,-1820,-25.42,-1920,-2161,-18.22,-97.1,-50.39,-29.95,-21.13,-24.4,-26.84
"2014-01-13 19:47:52.8",116,-456.6,-903,-11.81,-1457,-1822,-25.47,-1933,-2172,-18.45,-97.1,-50.89,-30.67,-22.67,-25.52,-27.31
"2014-01-13 19:47:52.9",117,-456.8,-903,-11.82,-1458,-1824,-25.51,-1947,-2183,-18.68,-97.1,-51.35,-31.37,-24.18,-26.63,-27.82
"2014-01-13 19:47:53",118,-456.9,-904,-11.82,-1459,-1826,-25.55,-1960,-2195,-18.91,-97.2,-51.76,-32.06,-25.66,-27.74,-28.35
"2014-01-13 19:47:53.1",119,-456.8,-904,-11.82,-1460,-1828,-25.59,-1974,-2206,-19.15,-97.3,-52.15,-32.73,-27.11,-28.85,-28.92
"2014-01-13 19:47:53.2",120,-456.9,-904,-11.83,-1461,-1831,-25.63,-1987,-2218,-19.38,-97.3,-52.52,-33.38,-28.53,-29.96,-29.52
"2014-01-13 19:47:53.3",121,-456.9,-904,-11.83,-1461,-1833,-25.67,-2000,-2229,-19.62,-97.4,-52.86,-34.03,-29.93,-31.06,-30.13
"2014-01-13 19:47:53.4",122,-456.9,-904,-11.84,-1462,-1834,-25.71,-2014,-2240,-19.85,-97.5,-53.17,-34.65,-31.31,-32.15,-30.78
"2014-01-13 19:47:53.5",123,-457.1,-904,-11.84,-1463,-1836,-25.75,-2026,-2252,-20.08,-97.6,-53.45,-35.24,-32.67,-33.25,-31.44
"2014-01-13 19:47:53.6",124,-456.9,-904,-11.84,-1464,-1838,-25.78,-2040,-2263,-20.31,-97.7,-53.72,-35.85,-34,-34.34,-32.13
"2014-01-13 19:47:53.7",125,-457.1,-904,-11.85,-1465,-1840,-25.82,-2053,-2274,-20.54,-97.8,-53.98,-36.42,-35.31,-35.42,-32.83
"2014-01-13 19:47:53.8",126,-457.1,-904,-11.85,-1465,-1841,-25.85,-2065,-2285,-20.77,-97.9,-54.22,-36.98,-36.6,-36.49,-33.55
"2014-01-13 19:47:53.9",127,-457.1,-904,-11.85,-1466,-1843,-25.88,-2078,-2296,-20.99,-98.1,-54.45,-37.52,-37.87,-37.56,-34.29
"2014-01-13 19:47:54",128,-456.9,-904,-11.85,-1467,-1845,-25.92,-2090,-2307,-21.21,-98.2,-54.68,-38.05,-39.12,-38.63,-35.05
"2014-01-13 19:47:54.1",129,-457.1,-905,-11.86,-1467,-1846,-25.95,-2103,-2318,-21.43,-98.4,-54.88,-38.56,-40.36,-39.69,-35.82
"2014-01-13 19:47:54.2",130,-457.1,-905,-11.86,-1468,-1848,-25.98,-2115,-2329,-21.64,-98.6,-55.08,-39.06,-41.58,-40.74,-36.6
"2014-01-13 19:47:54.3",131,-457.3,-905,-11.86,-1469,-1849,-26.01,-2127,-2339,-21.86,-98.8,-55.27,-39.56,-42.77,-41.78,-37.4
"2014-01-13 19:47:54.4",132,-457.3,-905,-11.86,-1469,-1851,-26.04,-2138,-2349,-22.07,-99,-55.46,-40.03,-43.95,-42.82,-38.21
"2014-01-13 19:47:54.5",133,-457.1,-905,-11.87,-1470,-1852,-26.07,-2150,-2360,-22.27,-99.3,-55.64,-40.49,-45.11,-43.85,-39.03
"2014-01-13 19:47:54.6",134,-457.1,-905,-11.87,-1471,-1853,-26.09,-2161,-2370,-22.48,-99.5,-55.81,-40.94,-46.26,-44.87,-39.85
"2014-01-13 19:47:54.7",135,-457.1,-905,-11.87,-1471,-1854,-26.12,-2173,-2380,-22.68,-99.8,-55.99,-41.37,-47.4,-45.89,-40.69
"2014-01-13 19:47:54.8",136,-457.1,-905,-11.88,-1472,-1856,-26.14,-2184,-2390,-22.88,-100,-56.16,-41.8,-48.51,-46.89,-41.53
"2014-01-13 19:47:54.9",137,-457.1,-905,-11.88,-1472,-1857,-26.17,-2194,-2399,-23.08,-100.3,-56.32,-42.21,-49.62,-47.89,-42.38
"2014-01-13 19:47:55",138,-457.1,-905,-11.88,-1473,-1858,-26.2,-2205,-2409,-23.27,-100.5,-56.48,-42.61,-50.72,-48.88,-43.24
"2014-01-13 19:47:55.1",139,-456.9,-905,-11.88,-1473,-1859,-26.22,-2216,-2419,-22.38,-52.05,4.008,-42.51,-51.42,-49.56,-44
"2014-01-13 19:47:55.2",140,-456.8,-905,-11.88,-1473,-1860,-26.24,-2169,-2389,-21.53,-78.23,0.266,1.908,-43.24,-48.62,-44.27
"2014-01-13 19:47:55.3",141,-456.9,-905,-11.88,-1474,-1861,-26.26,-2125,-2361,-20.81,-92.6,-3.442,-0.672,18.04,-0.66,-39.37
"2014-01-13 19:47:55.4",142,-457.1,-906,-11.88,-1474,-1862,-26.28,-2088,-2337,-20.2,-100.7,-6.721,-3.001,17,-1.36,-35.98
"2014-01-13 19:47:55.5",143,-456.9,-906,-11.89,-1475,-1863,-26.3,-2058,-2318,-19.68,-104.8,-10.03,-5.176,15.85,-2.109,-35.82
"2014-01-13 19:47:55.6",144,-457.3,-906,-11.89,-1475,-1864,-26.32,-2032,-2302,-19.24,-106.2,-13.38,-7.224,14.57,-2.906,-30.45
"2014-01-13 19:47:55.7",145,-457.4,-906,-11.89,-1476,-1865,-26.35,-2012,-2290,-18.88,-106.3,-16.68,-9.14,13.13,-3.751,-29.24
"2014-01-13 19:47:55.8",146,-457.8,-906,-11.89,-1476,-1866,-26.37,-1995,-2280,-18.59,-105.7,-19.88,-10.95,11.55,-4.641,-28.3
"2014-01-13 19:47:55.9",147,-457.9,-906,-11.89,-1476,-1867,-26.38,-1982,-2272,-18.36,-104.7,-22.94,-12.66,9.83,-5.556,-27.57
"2014-01-13 19:47:56",148,-457.9,-906,-11.89,-1477,-1868,-26.4,-1972,-2266,-18.18,-103.8,-25.84,-14.23,8,-6.521,-26.99
"2014-01-13 19:47:56.1",149,-458.1,-906,-11.9,-1477,-1869,-26.42,-1965,-2262,-18.06,-102.9,-28.57,-15.76,6.089,-7.511,-26.54
"2014-01-13 19:47:56.2",150,-458.3,-907,-11.9,-1478,-1870,-26.44,-1961,-2260,-17.98,-102.1,-31.1,-17.26,4.108,-8.53,-26.17
"2014-01-13 19:47:56.3",151,-458.3,-907,-11.9,-1478,-1871,-26.46,-1959,-2259,-17.94,-101.4,-33.44,-18.74,2.087,-9.58,-25.87
"2014-01-13 19:47:56.4",152,-458.1,-907,-11.9,-1478,-1872,-26.48,-1959,-2260,-17.94,-100.8,-35.55,-20.15,0.044,-10.64,-25.65
"2014-01-13 19:47:56.5",153,-458.3,-907,-11.9,-1478,-1873,-26.49,-1960,-2261,-17.97,-100.4,-37.44,-21.34,-1.994,-11.72,-25.5
"2014-01-13 19:47:56.6",154,-458.3,-907,-11.9,-1479,-1873,-26.51,-1963,-2264,-18.03,-100,-39.12,-22.35,-4.015,-12.82,-25.42
"2014-01-13 19:47:56.7",155,-458.3,-907,-11.9,-1479,-1874,-26.52,-1968,-2267,-18.12,-99.7,-40.63,-23.29,-6.005,-13.93,-25.4
"2014-01-13 19:47:56.8",156,-458.4,-907,-11.91,-1479,-1875,-26.54,-1973,-2271,-18.22,-99.5,-41.99,-24.17,-7.956,-15.06,-25.46
"2014-01-13 19:47:56.9",157,-458.6,-907,-11.91,-1480,-1876,-26.55,-1980,-2276,-18.35,-99.3,-43.2,-25.04,-9.87,-16.19,-25.56
"2014-01-13 19:47:57",158,-458.1,-907,-11.91,-1480,-1876,-26.57,-1987,-2281,-18.49,-99.1,-44.3,-25.87,-11.75,-17.34,-25.73
"2014-01-13 19:47:57.1",159,-458.4,-907,-11.91,-1480,-1877,-26.58,-1995,-2287,-18.64,-99,-45.28,-26.67,-13.58,-18.49,-25.94
"2014-01-13 19:47:57.2",160,-458.4,-907,-11.91,-1480,-1878,-26.6,-2003,-2293,-18.81,-98.9,-46.15,-27.47,-15.38,-19.65,-26.21
"2014-01-13 19:47:57.3",161,-458.6,-907,-11.91,-1481,-1878,-26.61,-2013,-2300,-18.99,-98.8,-46.97,-28.24,-17.14,-20.81,-26.52
"2014-01-13 19:47:57.4",162,-458.6,-907,-11.91,-1481,-1879,-26.62,-2022,-2307,-19.17,-98.7,-47.7,-28.99,-18.86,-21.98,-26.88
"2014-01-13 19:47:57.5",163,-458.4,-907,-11.91,-1481,-1879,-26.63,-2032,-2314,-19.36,-98.7,-48.36,-29.72,-20.55,-23.15,-27.28
"2014-01-13 19:47:57.6",164,-458.6,-908,-11.92,-1482,-1880,-26.64,-2042,-2321,-19.56,-98.7,-48.97,-30.44,-22.2,-24.32,-27.72
"2014-01-13 19:47:57.7",165,-458.6,-908,-11.92,-1482,-1881,-26.66,-2052,-2329,-19.76,-98.6,-49.53,-31.14,-23.81,-25.49,-28.2
"2014-01-13 19:47:57.8",166,-458.4,-908,-11.92,-1482,-1881,-26.67,-2063,-2337,-19.96,-98.6,-50.04,-31.82,-25.39,-26.66,-28.71
"2014-01-13 19:47:57.9",167,-458.4,-908,-11.92,-1482,-1882,-26.68,-2074,-2345,-20.17,-98.6,-50.5,-32.48,-26.93,-27.82,-29.27
"2014-01-13 19:47:58",168,-458.4,-908,-11.92,-1483,-1882,-26.69,-2085,-2353,-20.38,-98.7,-50.93,-33.13,-28.45,-28.98,-29.84
"2014-01-13 19:47:58.1",169,-458.7,-908,-11.92,-1483,-1883,-26.7,-2096,-2362,-20.59,-98.7,-51.33,-33.76,-29.94,-30.14,-30.45
"2014-01-13 19:47:58.2",170,-458.6,-908,-11.92,-1483,-1883,-26.71,-2106,-2370,-20.8,-98.7,-51.7,-34.37,-31.39,-31.3,-31.09
"2014-01-13 19:47:58.3",171,-458.9,-908,-11.93,-1483,-1884,-26.72,-2117,-2378,-21.01,-98.8,-52.04,-34.98,-32.82,-32.45,-31.74
"2014-01-13 19:47:58.4",172,-458.7,-908,-11.93,-1484,-1884,-26.73,-2128,-2387,-21.22,-98.8,-52.36,-35.56,-34.22,-33.6,-32.43
"2014-01-13 19:47:58.5",173,-458.6,-908,-11.93,-1484,-1885,-26.74,-2139,-2395,-21.44,-98.9,-52.66,-36.13,-35.6,-34.73,-33.14
"2014-01-13 19:47:58.6",174,-458.6,-908,-11.93,-1484,-1885,-26.75,-2150,-2404,-21.64,-99,-52.94,-36.69,-36.95,-35.87,-33.86
"2014-01-13 19:47:58.7",175,-458.3,-908,-11.93,-1484,-1885,-26.76,-2161,-2412,-21.85,-99.1,-53.21,-37.22,-38.28,-37.01,-34.6
"2014-01-13 19:47:58.8",176,-458.6,-908,-11.93,-1484,-1886,-26.77,-2171,-2420,-22.06,-99.2,-53.46,-37.76,-39.59,-38.13,-35.36
"2014-01-13 19:47:58.9",177,-458.4,-908,-11.93,-1485,-1886,-26.78,-2182,-2429,-22.26,-99.4,-53.7,-38.27,-40.87,-39.24,-36.15
"2014-01-13 19:47:59",178,-458.4,-908,-11.93,-1485,-1887,-26.78,-2192,-2437,-22.47,-99.6,-53.94,-38.78,-42.13,-40.34,-36.93
"2014-01-13 19:47:59.1",179,-458.4,-908,-11.93,-1485,-1887,-26.79,-2202,-2445,-22.67,-99.7,-54.16,-39.26,-43.37,-41.44,-37.75
"2014-01-13 19:47:59.2",180,-458.4,-908,-11.93,-1485,-1887,-26.8,-2212,-2453,-22.86,-100,-54.37,-39.73,-44.59,-42.53,-38.56
"2014-01-13 19:47:59.3",181,-458.3,-908,-11.93,-1485,-1888,-26.81,-2222,-2461,-23.05,-100.2,-54.59,-40.19,-45.79,-43.61,-39.39
"2014-01-13 19:47:59.4",182,-458.4,-908,-11.93,-1486,-1888,-26.82,-2232,-2469,-23.24,-100.4,-54.78,-40.65,-46.98,-44.68,-40.23
"2014-01-13 19:47:59.5",183,-458.6,-909,-11.93,-1486,-1888,-26.82,-2242,-2477,-23.43,-100.6,-54.98,-41.09,-48.14,-45.75,-41.08
"2014-01-13 19:47:59.6",184,-458.7,-909,-11.94,-1486,-1889,-26.83,-2251,-2485,-23.61,-100.8,-55.17,-41.51,-49.29,-46.8,-41.94
"2014-01-13 19:47:59.7",185,-458.6,-909,-11.93,-1486,-1889,-26.84,-2261,-2492,-23.8,-101.1,-55.36,-41.92,-50.43,-47.85,-42.8
"2014-01-13 19:47:59.8",186,-458.6,-909,-11.94,-1486,-1889,-26.84,-2270,-2500,-23.97,-101.3,-55.53,-42.33,-51.55,-48.89,-43.67
"2014-01-13 19:47:59.9",187,-458.6,-909,-11.94,-1486,-1890,-26.85,-2279,-2507,-24.15,-101.5,-55.71,-42.71,-52.66,-49.92,-44.55
"2014-01-13 19:48:00",188,-458.4,-909,-11.94,-1486,-1890,-26.86,-2288,-2515,-24.32,-101.8,-55.88,-43.08,-53.75,-50.94,-45.43
"2014-01-13 19:48:00.1",189,-458.4,-909,-11.94,-1486,-1890,-26.86,-2297,-2522,-24.49,-102,-56.05,-43.46,-54.83,-51.95,-46.31
"2014-01-13 19:48:00.2",190,-458.3,-908,-11.93,-1486,-1891,-26.87,-2305,-2529,-23.55,-54.05,4.374,-43.07,-55.48,-52.61,-47.09
"2014-01-13 19:48:00.3",191,-458.3,-909,-11.93,-1486,-1891,-26.87,-2254,-2495,-22.66,-80.8,0.535,1.908,-45.96,-51.57,-47.32
"2014-01-13 19:48:00.4",192,-458.1,-908,-11.94,-1487,-1891,-26.88,-2207,-2463,-21.89,-95.2,-2.875,-0.667,18.02,-0.669,-41.54
"2014-01-13 19:48:00.5",193,-458.4,-909,-11.93,-1487,-1892,-26.89,-2167,-2436,-21.24,-103.2,-5.982,-3.041,16.97,-1.378,-37.61
"2014-01-13 19:48:00.6",194,-458.4,-909,-11.94,-1487,-1892,-26.89,-2133,-2413,-20.68,-106.8,-9.19,-5.284,15.8,-2.14,-36.98
"2014-01-13 19:48:00.7",195,-458.4,-908,-11.94,-1487,-1892,-26.9,-2105,-2394,-20.21,-107.8,-12.46,-7.401,14.49,-2.945,-31.38
"2014-01-13 19:48:00.8",196,-458.1,-908,-11.94,-1487,-1892,-26.9,-2082,-2379,-19.82,-107.5,-15.7,-9.39,13.01,-3.8,-30.05
"2014-01-13 19:48:00.9",197,-457.8,-908,-11.94,-1487,-1893,-26.91,-2063,-2366,-19.5,-106.6,-18.86,-11.26,11.38,-4.702,-29.03
"2014-01-13 19:48:01",198,-458.1,-908,-11.94,-1487,-1893,-26.91,-2048,-2356,-19.23,-105.5,-21.91,-13,9.59,-5.636,-28.25
"2014-01-13 19:48:01.1",199,-458.1,-908,-11.94,-1487,-1893,-26.92,-2036,-2348,-19.03,-104.4,-24.8,-14.58,7.692,-6.617,-27.64
"2014-01-13 19:48:01.2",200,-457.9,-908,-11.94,-1487,-1893,-26.92,-2027,-2342,-18.87,-103.4,-27.54,-16.06,5.706,-7.626,-27.17
"2014-01-13 19:48:01.3",201,-458.3,-908,-11.94,-1487,-1894,-26.93,-2020,-2337,-18.76,-102.6,-30.09,-17.54,3.654,-8.66,-26.79
"2014-01-13 19:48:01.4",202,-458.3,-908,-11.94,-1487,-1894,-26.93,-2017,-2334,-18.7,-101.8,-32.45,-18.99,1.567,-9.73,-26.49
"2014-01-13 19:48:01.5",203,-458.1,-908,-11.94,-1487,-1894,-26.94,-2015,-2333,-18.67,-101.3,-34.6,-20.41,-0.537,-10.81,-26.27
"2014-01-13 19:48:01.6",204,-458.4,-908,-11.94,-1487,-1894,-26.94,-2015,-2333,-18.69,-100.8,-36.53,-21.67,-2.646,-11.92,-26.12
"2014-01-13 19:48:01.7",205,-458.4,-908,-11.94,-1488,-1894,-26.94,-2016,-2333,-18.73,-100.4,-38.26,-22.72,-4.724,-13.04,-26.04
"2014-01-13 19:48:01.8",206,-458.4,-909,-11.94,-1488,-1894,-26.95,-2019,-2335,-18.79,-100.1,-39.81,-23.63,-6.767,-14.17,-26.02
"2014-01-13 19:48:01.9",207,-458.6,-909,-11.94,-1488,-1895,-26.95,-2023,-2337,-18.88,-99.8,-41.21,-24.51,-8.77,-15.33,-26.08
"2014-01-13 19:48:02",208,-458.4,-909,-11.94,-1488,-1895,-26.95,-2028,-2340,-18.99,-99.6,-42.45,-25.35,-10.73,-16.48,-26.19
"2014-01-13 19:48:02.1",209,-458.3,-909,-11.94,-1488,-1895,-26.96,-2034,-2344,-19.12,-99.5,-43.58,-26.15,-12.64,-17.66,-26.36
"2014-01-13 19:48:02.2",210,-458.3,-909,-11.94,-1488,-1895,-26.96,-2041,-2348,-19.26,-99.3,-44.59,-26.94,-14.51,-18.83,-26.58
"2014-01-13 19:48:02.3",211,-458.4,-909,-11.94,-1488,-1895,-26.97,-2048,-2353,-19.41,-99.2,-45.49,-27.7,-16.34,-20.02,-26.86
"2014-01-13 19:48:02.4",212,-458.3,-909,-11.94,-1488,-1895,-26.97,-2056,-2358,-19.57,-99.1,-46.32,-28.46,-18.13,-21.2,-27.18
"2014-01-13 19:48:02.5",213,-458.4,-909,-11.94,-1488,-1896,-26.97,-2065,-2364,-19.74,-99.1,-47.07,-29.18,-19.87,-22.39,-27.55
"2014-01-13 19:48:02.6",214,-458.6,-909,-11.94,-1488,-1896,-26.98,-2073,-2370,-19.92,-99,-47.76,-29.9,-21.58,-23.58,-27.96
"2014-01-13 19:48:02.7",215,-458.6,-909,-11.94,-1488,-1896,-26.98,-2083,-2376,-20.11,-99,-48.38,-30.6,-23.25,-24.78,-28.42
"2014-01-13 19:48:02.8",216,-458.6,-909,-11.94,-1488,-1896,-26.98,-2092,-2383,-20.29,-99,-48.95,-31.28,-24.88,-25.97,-28.91
"2014-01-13 19:48:02.9",217,-458.9,-909,-11.94,-1488,-1896,-26.99,-2102,-2389,-20.49,-99,-49.48,-31.94,-26.47,-27.16,-29.43
"2014-01-13 19:48:03",218,-458.7,-909,-11.94,-1488,-1896,-26.99,-2112,-2396,-20.69,-99,-49.97,-32.6,-28.03,-28.34,-29.99
"2014-01-13 19:48:03.1",219,-458.7,-909,-11.94,-1488,-1896,-26.99,-2122,-2403,-20.89,-99,-50.41,-33.22,-29.55,-29.53,-30.58
"2014-01-13 19:48:03.2",220,-458.7,-909,-11.94,-1488,-1896,-26.99,-2132,-2410,-21.09,-99,-50.82,-33.85,-31.05,-30.71,-31.2
"2014-01-13 19:48:03.3",221,-458.6,-909,-11.94,-1489,-1896,-27,-2142,-2418,-21.29,-99,-51.2,-34.45,-32.51,-31.88,-31.85
"2014-01-13 19:48:03.4",222,-458.6,-909,-11.94,-1489,-1897,-27,-2152,-2425,-21.49,-99.1,-51.56,-35.04,-33.95,-33.06,-32.52
"2014-01-13 19:48:03.5",223,-458.6,-909,-11.94,-1489,-1897,-27,-2162,-2432,-21.69,-99.1,-51.89,-35.62,-35.35,-34.22,-33.22
"2014-01-13 19:48:03.6",224,-458.3,-909,-11.94,-1489,-1897,-27,-2172,-2440,-21.89,-99.2,-52.2,-36.18,-36.74,-35.39,-33.94
"2014-01-13 19:48:03.7",225,-458.3,-909,-11.95,-1489,-1897,-27.01,-2182,-2447,-22.09,-99.3,-52.5,-36.73,-38.09,-36.53,-34.67
"2014-01-13 19:48:03.8",226,-458.1,-909,-11.94,-1489,-1897,-27.01,-2192,-2455,-22.29,-99.4,-52.78,-37.26,-39.43,-37.68,-35.43
"2014-01-13 19:48:03.9",227,-458.1,-909,-11.94,-1489,-1897,-27.01,-2202,-2462,-22.48,-99.6,-53.05,-37.78,-40.73,-38.81,-36.2
"2014-01-13 19:48:04",228,-457.9,-909,-11.94,-1489,-1897,-27.01,-2212,-2469,-22.68,-99.7,-53.31,-38.29,-42.01,-39.95,-36.98
"2014-01-13 19:48:04.1",229,-458.1,-909,-11.95,-1489,-1898,-27.02,-2222,-2477,-22.87,-99.9,-53.55,-38.78,-43.27,-41.06,-37.79
"2014-01-13 19:48:04.2",230,-457.9,-909,-11.94,-1489,-1898,-27.02,-2231,-2484,-23.05,-100.1,-53.79,-39.27,-44.51,-42.17,-38.6
"2014-01-13 19:48:04.3",231,-458.1,-909,-11.94,-1489,-1898,-27.02,-2241,-2491,-23.23,-100.3,-54.01,-39.73,-45.74,-43.28,-39.43
"2014-01-13 19:48:04.4",232,-458.3,-909,-11.94,-1489,-1898,-27.02,-2250,-2499,-23.42,-100.5,-54.22,-40.19,-46.93,-44.38,-40.27
"2014-01-13 19:48:04.5",233,-458.1,-909,-11.95,-1489,-1898,-27.02,-2259,-2505,-23.6,-100.7,-54.44,-40.63,-48.13,-45.46,-41.12
"2014-01-13 19:48:04.6",234,-457.9,-909,-11.94,-1489,-1898,-27.03,-2269,-2513,-23.78,-100.9,-54.64,-41.06,-49.29,-46.54,-41.97
"2014-01-13 19:48:04.7",235,-458.1,-909,-11.95,-1489,-1898,-27.03,-2278,-2520,-23.96,-101.2,-54.85,-41.48,-50.44,-47.61,-42.83
"2014-01-13 19:48:04.8",236,-457.9,-909,-11.94,-1489,-1898,-27.03,-2286,-2527,-24.13,-101.4,-55.03,-41.9,-51.57,-48.67,-43.71
"2014-01-13 19:48:04.9",237,-457.9,-909,-11.94,-1489,-1898,-27.03,-2295,-2533,-24.31,-101.6,-55.24,-42.29,-52.69,-49.72,-44.58
"2014-01-13 19:48:05",238,-457.9,-909,-11.94,-1489,-1898,-27.03,-2304,-2540,-24.48,-101.8,-55.42,-42.67,-53.8,-50.76,-45.47
"2014-01-13 19:48:05.1",239,-457.6,-909,-11.94,-1489,-1898,-27.03,-2312,-2547,-23.54,-54.03,4.466,-42.63,-54.47,-51.45,-46.24
"2014-01-13 19:48:05.2",240,-457.9,-909,-11.94,-1489,-1898,-27.03,-2261,-2512,-22.65,-80.8,0.638,1.931,-45.29,-50.45,-46.48
"2014-01-13 19:48:05.3",241,-457.8,-908,-11.94,-1489,-1898,-27.03,-2213,-2480,-21.89,-95.3,-2.704,-0.644,18.03,-0.669,-40.96
"2014-01-13 19:48:05.4",242,-457.8,-908,-11.94,-1489,-1898,-27.03,-2174,-2452,-21.24,-103.2,-5.748,-3.024,16.98,-1.374,-37.18
"2014-01-13 19:48:05.5",243,-457.8,-909,-11.94,-1489,-1898,-27.04,-2140,-2429,-20.68,-106.8,-8.91,-5.273,15.81,-2.135,-36.68
"2014-01-13 19:48:05.6",244,-457.8,-908,-11.94,-1489,-1898,-27.04,-2111,-2410,-20.21,-107.8,-12.15,-7.401,14.49,-2.941,-31.14
"2014-01-13 19:48:05.7",245,-457.9,-908,-11.94,-1489,-1898,-27.04,-2088,-2394,-19.82,-107.5,-15.37,-9.4,13.01,-3.8,-29.85
"2014-01-13 19:48:05.8",246,-457.9,-908,-11.94,-1489,-1898,-27.04,-2069,-2381,-19.5,-106.6,-18.51,-11.27,11.37,-4.698,-28.86
"2014-01-13 19:48:05.9",247,-457.9,-908,-11.94,-1489,-1898,-27.04,-2053,-2370,-19.25,-105.6,-21.53,-13.02,9.58,-5.64,-28.09
"2014-01-13 19:48:06",248,-457.9,-908,-11.94,-1489,-1898,-27.04,-2042,-2362,-19.05,-104.5,-24.43,-14.58,7.674,-6.617,-27.5
"2014-01-13 19:48:06.1",249,-458.1,-908,-11.94,-1489,-1898,-27.04,-2033,-2355,-18.9,-103.5,-27.15,-16.04,5.684,-7.626,-27.03
"2014-01-13 19:48:06.2",250,-458.3,-909,-11.94,-1489,-1898,-27.04,-2026,-2351,-18.8,-102.6,-29.71,-17.48,3.632,-8.66,-26.66
"2014-01-13 19:48:06.3",251,-458.3,-909,-11.94,-1489,-1899,-27.04,-2022,-2347,-18.74,-101.9,-32.07,-18.93,1.545,-9.73,-26.36
"2014-01-13 19:48:06.4",252,-458.4,-909,-11.94,-1489,-1899,-27.05,-2020,-2346,-18.71,-101.3,-34.24,-20.32,-0.564,-10.82,-26.15
"2014-01-13 19:48:06.5",253,-458.3,-909,-11.94,-1489,-1899,-27.05,-2020,-2345,-18.73,-100.8,-36.19,-21.56,-2.672,-11.93,-26
"2014-01-13 19:48:06.6",254,-458.1,-909,-11.94,-1489,-1899,-27.05,-2021,-2345,-18.77,-100.4,-37.93,-22.59,-4.751,-13.05,-25.93
"2014-01-13 19:48:06.7",255,-458.1,-909,-11.94,-1489,-1899,-27.05,-2024,-2347,-18.83,-100.1,-39.48,-23.5,-6.793,-14.19,-25.92
"2014-01-13 19:48:06.8",256,-458.1,-908,-11.94,-1489,-1899,-27.05,-2028,-2349,-18.92,-99.9,-40.87,-24.36,-8.8,-15.34,-25.98
"2014-01-13 19:48:06.9",257,-458.3,-909,-11.94,-1489,-1899,-27.05,-2033,-2352,-19.03,-99.7,-42.14,-25.19,-10.75,-16.51,-26.1
"2014-01-13 19:48:07",258,-458.1,-908,-11.94,-1489,-1899,-27.05,-2039,-2355,-19.15,-99.5,-43.28,-25.99,-12.67,-17.68,-26.27
"2014-01-13 19:48:07.1",259,-458.1,-909,-11.94,-1489,-1899,-27.05,-2046,-2359,-19.29,-99.3,-44.29,-26.77,-14.54,-18.86,-26.5
"2014-01-13 19:48:07.2",260,-458.1,-909,-11.94,-1489,-1899,-27.05,-2053,-2364,-19.44,-99.2,-45.22,-27.53,-16.37,-20.04,-26.78
"2014-01-13 19:48:07.3",261,-457.9,-908,-11.94,-1489,-1899,-27.05,-2061,-2369,-19.61,-99.2,-46.04,-28.28,-18.16,-21.23,-27.1
"2014-01-13 19:48:07.4",262,-457.6,-908,-11.94,-1489,-1899,-27.05,-2069,-2374,-19.78,-99.1,-46.8,-29,-19.9,-22.42,-27.48
"2014-01-13 19:48:07.5",263,-457.6,-908,-11.94,-1489,-1899,-27.05,-2078,-2380,-19.96,-99,-47.5,-29.72,-21.6,-23.62,-27.89
"2014-01-13 19:48:07.6",264,-457.8,-908,-11.94,-1489,-1899,-27.06,-2088,-2386,-20.14,-99,-48.13,-30.42,-23.27,-24.81,-28.35
"2014-01-13 19:48:07.7",265,-457.8,-908,-11.94,-1489,-1899,-27.06,-2097,-2392,-20.33,-99,-48.7,-31.08,-24.9,-26.01,-28.84
"2014-01-13 19:48:07.8",266,-457.8,-908,-11.94,-1489,-1899,-27.06,-2106,-2399,-20.52,-99,-49.23,-31.75,-26.5,-27.2,-29.37
"2014-01-13 19:48:07.9",267,-457.8,-908,-11.94,-1489,-1899,-27.06,-2116,-2405,-20.72,-99,-49.73,-32.39,-28.05,-28.39,-29.93
"2014-01-13 19:48:08",268,-457.8,-908,-11.94,-1489,-1899,-27.06,-2126,-2412,-20.92,-99,-50.18,-33.02,-29.58,-29.58,-30.52
"2014-01-13 19:48:08.1",269,-457.6,-908,-11.94,-1489,-1899,-27.06,-2136,-2419,-21.12,-99,-50.6,-33.65,-31.07,-30.76,-31.15
"2014-01-13 19:48:08.2",270,-457.6,-908,-11.94,-1489,-1899,-27.06,-2146,-2426,-21.32,-99.1,-50.99,-34.25,-32.54,-31.94,-31.8
"2014-01-13 19:48:08.3",271,-457.8,-908,-11.94,-1489,-1899,-27.06,-2156,-2433,-21.52,-99.1,-51.35,-34.83,-33.97,-33.11,-32.47
"2014-01-13 19:48:08.4",272,-457.9,-908,-11.94,-1489,-1899,-27.06,-2166,-2440,-21.72,-99.2,-51.7,-35.41,-35.38,-34.28,-33.17
"2014-01-13 19:48:08.5",273,-458.1,-908,-11.94,-1489,-1899,-27.06,-2176,-2448,-21.92,-99.3,-52.02,-35.97,-36.77,-35.44,-33.89
"2014-01-13 19:48:08.6",274,-458.1,-908,-11.94,-1489,-1899,-27.06,-2186,-2455,-22.12,-99.3,-52.32,-36.51,-38.11,-36.6,-34.63
"2014-01-13 19:48:08.7",275,-458.4,-908,-11.95,-1489,-1899,-27.06,-2196,-2462,-22.32,-99.5,-52.6,-37.06,-39.45,-37.74,-35.39
"2014-01-13 19:48:08.8",276,-458.4,-909,-11.94,-1489,-1899,-27.06,-2206,-2469,-22.52,-99.6,-52.87,-37.58,-40.76,-38.88,-36.16
"2014-01-13 19:48:08.9",277,-458.4,-909,-11.94,-1489,-1899,-27.06,-2216,-2477,-22.71,-99.8,-53.13,-38.09,-42.04,-40.01,-36.95
"2014-01-13 19:48:09",278,-458.4,-909,-11.94,-1489,-1899,-27.06,-2225,-2484,-22.9,-99.9,-53.38,-38.59,-43.31,-41.14,-37.76
"2014-01-13 19:48:09.1",279,-458.7,-909,-11.95,-1489,-1899,-27.06,-2235,-2491,-23.09,-100.1,-53.62,-39.07,-44.55,-42.25,-38.58
"2014-01-13 19:48:09.2",280,-458.4,-909,-11.95,-1490,-1899,-27.06,-2244,-2498,-23.28,-100.3,-53.85,-39.53,-45.77,-43.35,-39.4
"2014-01-13 19:48:09.3",281,-458.3,-909,-11.95,-1489,-1899,-27.06,-2253,-2505,-23.46,-100.5,-54.07,-39.99,-46.97,-44.45,-40.24
"2014-01-13 19:48:09.4",282,-458.4,-909,-11.95,-1490,-1900,-27.06,-2263,-2512,-23.64,-100.7,-54.28,-40.44,-48.16,-45.54,-41.1
"2014-01-13 19:48:09.5",283,-458.4,-909,-11.95,-1489,-1899,-27.06,-2272,-2519,-23.82,-101,-54.5,-40.88,-49.32,-46.62,-41.95
"2014-01-13 19:48:09.6",284,-458.6,-909,-11.95,-1490,-1900,-27.07,-2280,-2526,-24,-101.2,-54.69,-41.3,-50.47,-47.69,-42.81
"2014-01-13 19:48:09.7",285,-458.6,-909,-11.95,-1489,-1900,-27.07,-2289,-2532,-24.18,-101.4,-54.9,-41.71,-51.6,-48.75,-43.69
"2014-01-13 19:48:09.8",286,-458.6,-909,-11.95,-1490,-1900,-27.07,-2298,-2539,-24.35,-101.6,-55.09,-42.11,-52.72,-49.8,-44.56
"2014-01-13 19:48:09.9",287,-458.6,-909,-11.95,-1489,-1900,-27.07,-2306,-2546,-24.51,-101.9,-55.28,-42.49,-53.83,-50.83,-45.45
"2014-01-13 19:48:10",288,-458.3,-909,-11.95,-1489,-1900,-27.07,-2315,-2552,-24.68,-102.1,-55.46,-42.87,-54.92,-51.86,-46.34
"2014-01-13 19:48:10.1",289,-458.1,-909,-11.94,-1489,-1900,-27.07,-2323,-2559,-23.73,-54.32,4.512,-42.71,-55.57,-52.54,-47.12
"2014-01-13 19:48:10.2",290,-458.1,-909,-11.94,-1489,-1899,-27.06,-2272,-2524,-22.83,-81.1,0.655,1.92,-46.02,-51.5,-47.34
"2014-01-13 19:48:10.3",291,-457.9,-909,-11.94,-1489,-1899,-27.06,-2223,-2490,-22.06,-95.6,-2.646,-0.65,18.02,-0.669,-41.55
"2014-01-13 19:48:10.4",292,-457.9,-909,-11.94,-1489,-1899,-27.07,-2183,-2463,-21.4,-103.5,-5.673,-3.03,16.97,-1.378,-37.62
"2014-01-13 19:48:10.5",293,-457.6,-908,-11.94,-1489,-1899,-27.06,-2149,-2439,-20.84,-107.1,-8.84,-5.273,15.8,-2.135,-36.99
"2014-01-13 19:48:10.6",294,-457.8,-908,-11.94,-1489,-1899,-27.06,-2120,-2419,-20.36,-108,-12.07,-7.413,14.48,-2.941,-31.39
"2014-01-13 19:48:10.7",295,-458.1,-909,-11.94,-1489,-1899,-27.07,-2097,-2403,-19.97,-107.7,-15.29,-9.42,12.99,-3.804,-30.06
"2014-01-13 19:48:10.8",296,-457.9,-909,-11.94,-1489,-1899,-27.07,-2077,-2390,-19.64,-106.8,-18.43,-11.29,11.34,-4.707,-29.05
"2014-01-13 19:48:10.9",297,-458.1,-909,-11.94,-1489,-1899,-27.06,-2061,-2378,-19.38,-105.7,-21.45,-13.04,9.54,-5.649,-28.26
"2014-01-13 19:48:11",298,-458.3,-909,-11.94,-1489,-1899,-27.07,-2049,-2370,-19.18,-104.6,-24.34,-14.61,7.63,-6.631,-27.66
"2014-01-13 19:48:11.1",299,-458.3,-909,-11.94,-1489,-1899,-27.07,-2039,-2363,-19.03,-103.5,-27.08,-16.06,5.627,-7.643,-27.19
"2014-01-13 19:48:11.2",300,-458.3,-909,-11.94,-1489,-1899,-27.07,-2033,-2358,-18.92,-102.7,-29.64,-17.5,3.566,-8.68,-26.81
"2014-01-13 19:48:11.3",301,-458.3,-909,-11.94,-1489,-1900,-27.07,-2029,-2355,-18.85,-101.9,-32.01,-18.94,1.466,-9.75,-26.52
"2014-01-13 19:48:11.4",302,-458.1,-909,-11.94,-1489,-1900,-27.07,-2026,-2353,-18.83,-101.3,-34.17,-20.33,-0.652,-10.84,-26.3
"2014-01-13 19:48:11.5",303,-457.9,-909,-11.94,-1489,-1900,-27.07,-2026,-2352,-18.83,-100.9,-36.13,-21.59,-2.765,-11.95,-26.15
"2014-01-13 19:48:11.6",304,-457.9,-909,-11.94,-1489,-1900,-27.07,-2027,-2352,-18.87,-100.5,-37.87,-22.63,-4.861,-13.08,-26.07
"2014-01-13 19:48:11.7",305,-457.8,-909,-11.94,-1489,-1900,-27.07,-2030,-2353,-18.93,-100.2,-39.43,-23.54,-6.912,-14.23,-26.07
"2014-01-13 19:48:11.8",306,-457.8,-909,-11.94,-1489,-1900,-27.07,-2034,-2355,-19.02,-99.9,-40.83,-24.4,-8.92,-15.37,-26.12
"2014-01-13 19:48:11.9",307,-458.1,-909,-11.94,-1490,-1900,-27.07,-2038,-2358,-19.12,-99.7,-42.09,-25.22,-10.89,-16.55,-26.24
"2014-01-13 19:48:12",308,-457.8,-909,-11.94,-1489,-1900,-27.07,-2044,-2361,-19.25,-99.5,-43.23,-26.03,-12.81,-17.72,-26.41
"2014-01-13 19:48:12.1",309,-457.9,-909,-11.94,-1490,-1900,-27.07,-2051,-2365,-19.38,-99.4,-44.25,-26.8,-14.69,-18.91,-26.63
"2014-01-13 19:48:12.2",310,-457.6,-909,-11.94,-1490,-1900,-27.07,-2058,-2369,-19.53,-99.3,-45.17,-27.57,-16.52,-20.1,-26.91
"2014-01-13 19:48:12.3",311,-457.9,-909,-11.94,-1490,-1900,-27.07,-2066,-2374,-19.69,-99.2,-46,-28.32,-18.31,-21.29,-27.24
"2014-01-13 19:48:12.4",312,-457.9,-909,-11.94,-1490,-1900,-27.07,-2074,-2380,-19.86,-99.1,-46.77,-29.04,-20.06,-22.49,-27.61
"2014-01-13 19:48:12.5",313,-457.8,-909,-11.94,-1490,-1900,-27.07,-2083,-2385,-20.04,-99.1,-47.46,-29.75,-21.77,-23.68,-28.03
"2014-01-13 19:48:12.6",314,-457.8,-909,-11.94,-1489,-1900,-27.07,-2092,-2391,-20.22,-99.1,-48.1,-30.44,-23.44,-24.88,-28.49
"2014-01-13 19:48:12.7",315,-457.6,-909,-11.94,-1489,-1900,-27.07,-2101,-2397,-20.41,-99,-48.67,-31.12,-25.07,-26.08,-28.98
"2014-01-13 19:48:12.8",316,-457.6,-909,-11.94,-1489,-1900,-27.07,-2110,-2404,-20.6,-99,-49.21,-31.78,-26.67,-27.28,-29.5
"2014-01-13 19:48:12.9",317,-457.8,-909,-11.94,-1489,-1900,-27.07,-2120,-2410,-20.8,-99,-49.7,-32.42,-28.23,-28.47,-30.08
"2014-01-13 19:48:13",318,-457.9,-909,-11.94,-1489,-1900,-27.07,-2130,-2417,-20.99,-99,-50.16,-33.06,-29.75,-29.66,-30.67
"2014-01-13 19:48:13.1",319,-458.1,-909,-11.94,-1489,-1900,-27.07,-2140,-2424,-21.19,-99.1,-50.58,-33.67,-31.25,-30.84,-31.29
"2014-01-13 19:48:13.2",320,-458.1,-909,-11.94,-1489,-1900,-27.07,-2150,-2431,-21.39,-99.1,-50.97,-34.28,-32.71,-32.02,-31.94
"2014-01-13 19:48:13.3",321,-458.3,-909,-11.94,-1489,-1900,-27.07,-2160,-2438,-21.59,-99.1,-51.33,-34.87,-34.15,-33.2,-32.62
"2014-01-13 19:48:13.4",322,-458.4,-909,-11.94,-1489,-1900,-27.07,-2170,-2445,-21.79,-99.2,-51.67,-35.44,-35.56,-34.37,-33.32
"2014-01-13 19:48:13.5",323,-457.9,-909,-11.94,-1489,-1900,-27.07,-2180,-2452,-21.99,-99.3,-51.98,-36.01,-36.94,-35.53,-34.04
"2014-01-13 19:48:13.6",324,-458.1,-909,-11.94,-1489,-1900,-27.07,-2190,-2459,-22.18,-99.4,-52.3,-36.55,-38.29,-36.69,-34.78
"2014-01-13 19:48:13.7",325,-458.1,-909,-11.94,-1489,-1900,-27.07,-2199,-2466,-22.38,-99.5,-52.57,-37.09,-39.63,-37.84,-35.54
"2014-01-13 19:48:13.8",326,-458.1,-909,-11.94,-1489,-1900,-27.07,-2209,-2473,-22.57,-99.6,-52.85,-37.6,-40.93,-38.98,-36.31
"2014-01-13 19:48:13.9",327,-458.1,-909,-11.94,-1489,-1900,-27.07,-2219,-2480,-22.77,-99.8,-53.11,-38.11,-42.22,-40.11,-37.1
"2014-01-13 19:48:14",328,-458.3,-909,-11.94,-1489,-1900,-27.07,-2228,-2487,-22.96,-100,-53.36,-38.61,-43.48,-41.24,-37.91
"2014-01-13 19:48:14.1",329,-458.3,-909,-11.94,-1489,-1900,-27.07,-2238,-2494,-23.15,-100.2,-53.59,-39.1,-44.72,-42.35,-38.73
"2014-01-13 19:48:14.2",330,-458.3,-909,-11.94,-1489,-1900,-27.08,-2247,-2501,-23.33,-100.4,-53.82,-39.56,-45.94,-43.46,-39.55
"2014-01-13 19:48:14.3",331,-458.3,-909,-11.94,-1490,-1900,-27.07,-2256,-2508,-23.52,-100.6,-54.05,-40.02,-47.14,-44.56,-40.4
"2014-01-13 19:48:14.4",332,-457.9,-909,-11.94,-1490,-1900,-27.07,-2265,-2515,-23.7,-100.8,-54.26,-40.47,-48.33,-45.65,-41.25
"2014-01-13 19:48:14.5",333,-457.9,-909,-11.94,-1490,-1900,-27.07,-2274,-2522,-23.88,-101,-54.48,-40.89,-49.5,-46.73,-42.1
"2014-01-13 19:48:14.6",334,-458.1,-909,-11.94,-1490,-1900,-27.07,-2283,-2529,-24.05,-101.2,-54.68,-41.33,-50.64,-47.8,-42.97
"2014-01-13 19:48:14.7",335,-457.9,-909,-11.95,-1490,-1900,-27.07,-2292,-2536,-24.22,-101.5,-54.88,-41.73,-51.78,-48.86,-43.84
"2014-01-13 19:48:14.8",336,-458.1,-909,-11.95,-1490,-1900,-27.07,-2300,-2542,-24.39,-101.7,-55.08,-42.13,-52.9,-49.91,-44.72
"2014-01-13 19:48:14.9",337,-457.9,-909,-11.95,-1490,-1900,-27.07,-2309,-2549,-24.56,-101.9,-55.27,-42.51,-54,-50.95,-45.6
"2014-01-13 19:48:15",338,-458.1,-909,-11.95,-1490,-1900,-27.07,-2317,-2555,-24.72,-102.1,-55.45,-42.89,-55.09,-51.99,-46.49
"2014-01-13 19:48:15.1",339,-457.9,-909,-11.94,-1490,-1900,-27.07,-2325,-2561,-23.77,-54.4,4.523,-42.73,-55.74,-52.65,-47.27
"2014-01-13 19:48:15.2",340,-458.1,-909,-11.94,-1490,-1900,-27.07,-2274,-2526,-22.87,-81.3,0.672,1.925,-46.13,-51.62,-47.49
"2014-01-13 19:48:15.3",341,-458.3,-909,-11.94,-1490,-1899,-27.07,-2225,-2493,-22.1,-95.7,-2.629,-0.638,18.02,-0.669,-41.67
"2014-01-13 19:48:15.4",342,-458.3,-909,-11.94,-1490,-1900,-27.07,-2185,-2465,-21.44,-103.6,-5.668,-3.018,16.97,-1.374,-37.71
"2014-01-13 19:48:15.5",343,-458.1,-909,-11.94,-1490,-1900,-27.07,-2150,-2441,-20.88,-107.2,-8.82,-5.273,15.8,-2.135,-37.05
"2014-01-13 19:48:15.6",344,-458.1,-909,-11.94,-1490,-1900,-27.07,-2121,-2421,-20.4,-108.1,-12.06,-7.413,14.48,-2.945,-31.44
"2014-01-13 19:48:15.7",345,-458.3,-909,-11.94,-1490,-1900,-27.08,-2098,-2405,-20,-107.7,-15.26,-9.43,12.99,-3.808,-30.11
"2014-01-13 19:48:15.8",346,-458.4,-909,-11.94,-1490,-1900,-27.08,-2078,-2391,-19.67,-106.8,-18.4,-11.29,11.34,-4.711,-29.08
"2014-01-13 19:48:15.9",347,-458.4,-909,-11.94,-1490,-1900,-27.07,-2062,-2380,-19.41,-105.7,-21.43,-13.04,9.54,-5.653,-28.3
"2014-01-13 19:48:16",348,-458.4,-909,-11.95,-1490,-1900,-27.08,-2050,-2371,-19.21,-104.6,-24.33,-14.62,7.621,-6.635,-27.7
"2014-01-13 19:48:16.1",349,-458.4,-909,-11.95,-1490,-1900,-27.07,-2041,-2365,-19.05,-103.6,-27.06,-16.07,5.618,-7.643,-27.22
"2014-01-13 19:48:16.2",350,-458.4,-909,-11.95,-1490,-1900,-27.07,-2034,-2360,-18.94,-102.7,-29.62,-17.51,3.557,-8.69,-26.85
"2014-01-13 19:48:16.3",351,-458.6,-909,-11.95,-1490,-1900,-27.08,-2030,-2357,-18.88,-101.9,-31.98,-18.94,1.449,-9.76,-26.55
"2014-01-13 19:48:16.4",352,-458.4,-909,-11.95,-1490,-1900,-27.08,-2028,-2355,-18.85,-101.4,-34.15,-20.34,-0.669,-10.84,-26.33
"2014-01-13 19:48:16.5",353,-458.3,-909,-11.95,-1490,-1900,-27.08,-2027,-2353,-18.85,-100.9,-36.1,-21.6,-2.787,-11.96,-26.18
"2014-01-13 19:48:16.6",354,-458.4,-909,-11.95,-1490,-1900,-27.07,-2028,-2354,-18.89,-100.5,-37.85,-22.63,-4.874,-13.09,-26.1
"2014-01-13 19:48:16.7",355,-458.3,-909,-11.95,-1490,-1900,-27.08,-2031,-2355,-18.96,-100.2,-39.42,-23.55,-6.93,-14.23,-26.1
"2014-01-13 19:48:16.8",356,-458.4,-909,-11.95,-1490,-1900,-27.08,-2035,-2357,-19.04,-99.9,-40.82,-24.4,-8.94,-15.39,-26.15
"2014-01-13 19:48:16.9",357,-458.4,-909,-11.95,-1490,-1900,-27.08,-2039,-2359,-19.15,-99.7,-42.08,-25.21,-10.91,-16.56,-26.27
"2014-01-13 19:48:17",358,-458.4,-909,-11.95,-1490,-1900,-27.08,-2045,-2362,-19.27,-99.5,-43.22,-26.03,-12.83,-17.74,-26.43
"2014-01-13 19:48:17.1",359,-458.3,-909,-11.95,-1490,-1900,-27.08,-2051,-2366,-19.4,-99.4,-44.23,-26.8,-14.71,-18.92,-26.66
"2014-01-13 19:48:17.2",360,-458.4,-909,-11.95,-1490,-1900,-27.08,-2059,-2370,-19.55,-99.3,-45.16,-27.57,-16.54,-20.11,-26.94
"2014-01-13 19:48:17.3",361,-458.4,-909,-11.95,-1490,-1900,-27.08,-2066,-2375,-19.71,-99.2,-45.98,-28.32,-18.34,-21.31,-27.27
"2014-01-13 19:48:17.4",362,-458.4,-909,-11.95,-1490,-1900,-27.08,-2074,-2380,-19.88,-99.1,-46.75,-29.05,-20.09,-22.5,-27.64
"2014-01-13 19:48:17.5",363,-458.4,-909,-11.95,-1490,-1900,-27.08,-2083,-2386,-20.05,-99.1,-47.45,-29.75,-21.79,-23.7,-28.06
"2014-01-13 19:48:17.6",364,-458.3,-909,-11.95,-1490,-1900,-27.08,-2092,-2392,-20.24,-99.1,-48.08,-30.45,-23.47,-24.9,-28.52
"2014-01-13 19:48:17.7",365,-458.1,-909,-11.95,-1490,-1900,-27.08,-2101,-2398,-20.42,-99,-48.67,-31.12,-25.1,-26.1,-29.01
"2014-01-13 19:48:17.8",366,-458.3,-909,-11.95,-1490,-1900,-27.08,-2111,-2404,-20.61,-99,-49.2,-31.79,-26.69,-27.29,-29.54
"2014-01-13 19:48:17.9",367,-458.3,-909,-11.95,-1490,-1900,-27.08,-2121,-2411,-20.81,-99,-49.69,-32.43,-28.25,-28.49,-30.11
"2014-01-13 19:48:18",368,-457.9,-909,-11.95,-1490,-1900,-27.08,-2130,-2418,-21,-99.1,-50.14,-33.06,-29.78,-29.67,-30.7
"2014-01-13 19:48:18.1",369,-457.9,-909,-11.95,-1490,-1901,-27.08,-2140,-2424,-21.2,-99.1,-50.57,-33.68,-31.28,-30.86,-31.32
"2014-01-13 19:48:18.2",370,-457.9,-909,-11.94,-1490,-1900,-27.08,-2150,-2431,-21.4,-99.1,-50.96,-34.27,-32.74,-32.04,-31.97
"2014-01-13 19:48:18.3",371,-457.8,-909,-11.94,-1490,-1900,-27.08,-2160,-2438,-21.6,-99.2,-51.32,-34.87,-34.17,-33.22,-32.65
"2014-01-13 19:48:18.4",372,-458.1,-909,-11.94,-1490,-1900,-27.08,-2170,-2445,-21.8,-99.2,-51.66,-35.44,-35.59,-34.39,-33.35
"2014-01-13 19:48:18.5",373,-458.1,-909,-11.94,-1490,-1901,-27.08,-2180,-2452,-22,-99.3,-51.98,-36.01,-36.97,-35.55,-34.06
"2014-01-13 19:48:18.6",374,-458.1,-909,-11.94,-1490,-1901,-27.08,-2190,-2460,-22.19,-99.4,-52.29,-36.55,-38.33,-36.71,-34.8
"2014-01-13 19:48:18.7",375,-458.3,-909,-11.94,-1490,-1900,-27.08,-2200,-2467,-22.39,-99.5,-52.57,-37.08,-39.66,-37.86,-35.57
"2014-01-13 19:48:18.8",376,-458.3,-909,-11.94,-1490,-1901,-27.08,-2210,-2474,-22.58,-99.7,-52.85,-37.61,-40.96,-39,-36.34
"2014-01-13 19:48:18.9",377,-458.1,-909,-11.94,-1490,-1900,-27.09,-2219,-2481,-22.77,-99.8,-53.1,-38.12,-42.25,-40.14,-37.13
"2014-01-13 19:48:19",378,-457.9,-909,-11.94,-1490,-1901,-27.09,-2229,-2488,-22.96,-100,-53.35,-38.61,-43.51,-41.26,-37.93
"2014-01-13 19:48:19.1",379,-458.1,-909,-11.94,-1490,-1901,-27.08,-2238,-2495,-23.15,-100.2,-53.59,-39.09,-44.75,-42.38,-38.75
"2014-01-13 19:48:19.2",380,-457.8,-909,-11.94,-1490,-1901,-27.09,-2248,-2502,-23.34,-100.4,-53.82,-39.56,-45.98,-43.48,-39.59
"2014-01-13 19:48:19.3",381,-457.9,-909,-11.94,-1490,-1900,-27.08,-2257,-2509,-23.52,-100.6,-54.05,-40.02,-47.18,-44.58,-40.42
"2014-01-13 19:48:19.4",382,-458.1,-909,-11.94,-1490,-1900,-27.08,-2266,-2516,-23.7,-100.8,-54.26,-40.46,-48.36,-45.67,-41.28
"2014-01-13 19:48:19.5",383,-457.9,-909,-11.94,-1490,-1901,-27.08,-2275,-2523,-23.88,-101,-54.48,-40.9,-49.53,-46.75,-42.13
"2014-01-13 19:48:19.6",384,-458.1,-909,-11.94,-1490,-1901,-27.09,-2284,-2529,-24.06,-101.2,-54.68,-41.32,-50.68,-47.82,-43
"2014-01-13 19:48:19.7",385,-457.9,-909,-11.94,-1490,-1901,-27.09,-2292,-2536,-24.23,-101.5,-54.88,-41.73,-51.81,-48.89,-43.87
"2014-01-13 19:48:19.8",386,-457.9,-909,-11.94,-1490,-1901,-27.09,-2301,-2543,-24.4,-101.7,-55.07,-42.14,-52.93,-49.94,-44.75
"2014-01-13 19:48:19.9",387,-458.1,-909,-11.94,-1490,-1901,-27.09,-2309,-2549,-24.56,-101.9,-55.26,-42.52,-54.04,-50.98,-45.63
"2014-01-13 19:48:20",388,-458.3,-909,-11.94,-1490,-1901,-27.09,-2318,-2556,-24.73,-102.1,-55.44,-42.89,-55.13,-52.01,-46.52
"2014-01-13 19:48:20.1",389,-458.4,-909,-11.94,-1490,-1901,-27.09,-2326,-2562,-24.89,-102.3,-55.62,-43.25,-56.2,-53.04,-47.42
"2014-01-13 19:48:20.2",390,-457.9,-909,-11.94,-1489,-1901,-27.09,-2333,-2568,-23.93,-54.58,4.517,-42.96,-56.84,-53.69,-48.19
"2014-01-13 19:48:20.3",391,-458.1,-909,-11.94,-1489,-1901,-27.08,-2282,-2533,-23.02,-81.5,0.684,1.931,-46.85,-52.62,-48.41
"2014-01-13 19:48:20.4",392,-457.8,-909,-11.94,-1489,-1900,-27.08,-2233,-2499,-22.24,-96,-2.612,-0.638,18.03,-0.669,-42.3
"2014-01-13 19:48:20.5",393,-457.9,-909,-11.94,-1489,-1900,-27.08,-2192,-2471,-21.58,-103.9,-5.645,-3.018,16.97,-1.382,-38.18
"2014-01-13 19:48:20.6",394,-457.9,-909,-11.94,-1489,-1900,-27.08,-2157,-2447,-21.01,-107.4,-8.81,-5.284,15.79,-2.14,-37.39
"2014-01-13 19:48:20.7",395,-457.8,-909,-11.94,-1489,-1900,-27.08,-2128,-2427,-20.53,-108.2,-12.05,-7.424,14.47,-2.954,-31.71
"2014-01-13 19:48:20.8",396,-457.8,-909,-11.94,-1489,-1900,-27.08,-2104,-2410,-20.12,-107.8,-15.26,-9.44,12.97,-3.817,-30.34
"2014-01-13 19:48:20.9",397,-457.6,-909,-11.94,-1489,-1900,-27.08,-2084,-2396,-19.79,-106.9,-18.4,-11.33,11.31,-4.724,-29.29
"2014-01-13 19:48:21",398,-457.4,-909,-11.94,-1489,-1900,-27.08,-2068,-2385,-19.53,-105.8,-21.43,-13.07,9.5,-5.666,-28.49
"2014-01-13 19:48:21.1",399,-457.6,-909,-11.94,-1489,-1900,-27.08,-2055,-2376,-19.32,-104.6,-24.33,-14.65,7.577,-6.653,-27.87
"2014-01-13 19:48:21.2",400,-457.6,-909,-11.94,-1489,-1900,-27.08,-2046,-2369,-19.16,-103.6,-27.06,-16.1,5.57,-7.665,-27.39
"2014-01-13 19:48:21.3",401,-457.6,-909,-11.94,-1489,-1900,-27.08,-2039,-2364,-19.05,-102.7,-29.63,-17.54,3.491,-8.71,-27.01
"2014-01-13 19:48:21.4",402,-457.6,-909,-11.94,-1490,-1900,-27.08,-2035,-2361,-18.98,-102,-32,-18.98,1.382,-9.78,-26.71
"2014-01-13 19:48:21.5",403,-457.8,-909,-11.94,-1490,-1900,-27.08,-2032,-2358,-18.95,-101.4,-34.17,-20.37,-0.744,-10.88,-26.49
"2014-01-13 19:48:21.6",404,-457.8,-909,-11.94,-1490,-1900,-27.08,-2032,-2357,-18.95,-100.9,-36.13,-21.65,-2.875,-11.99,-26.33
"2014-01-13 19:48:21.7",405,-457.8,-909,-11.94,-1490,-1900,-27.08,-2033,-2357,-18.98,-100.5,-37.87,-22.71,-4.975,-13.12,-26.26
"2014-01-13 19:48:21.8",406,-457.6,-909,-11.94,-1490,-1900,-27.08,-2035,-2358,-19.04,-100.2,-39.43,-23.62,-7.036,-14.27,-26.24
"2014-01-13 19:48:21.9",407,-457.6,-909,-11.94,-1490,-1900,-27.08,-2039,-2360,-19.12,-100,-40.84,-24.48,-9.05,-15.43,-26.3
"2014-01-13 19:48:22",408,-457.8,-909,-11.94,-1489,-1900,-27.08,-2043,-2363,-19.23,-99.7,-42.1,-25.31,-11.03,-16.6,-26.42
"2014-01-13 19:48:22.1",409,-458.1,-909,-11.94,-1490,-1900,-27.08,-2049,-2366,-19.34,-99.6,-43.23,-26.11,-12.95,-17.78,-26.59
"2014-01-13 19:48:22.2",410,-457.9,-909,-11.94,-1490,-1900,-27.08,-2055,-2369,-19.48,-99.4,-44.26,-26.89,-14.84,-18.96,-26.81
"2014-01-13 19:48:22.3",411,-457.9,-909,-11.94,-1490,-1900,-27.08,-2062,-2374,-19.62,-99.3,-45.18,-27.65,-16.67,-20.16,-27.09
"2014-01-13 19:48:22.4",412,-457.8,-909,-11.94,-1490,-1900,-27.08,-2070,-2379,-19.78,-99.2,-46.01,-28.38,-18.47,-21.35,-27.42
"2014-01-13 19:48:22.5",413,-457.9,-909,-11.94,-1490,-1900,-27.08,-2078,-2384,-19.94,-99.2,-46.77,-29.12,-20.22,-22.56,-27.79
"2014-01-13 19:48:22.6",414,-457.8,-909,-11.94,-1490,-1900,-27.08,-2087,-2389,-20.12,-99.1,-47.47,-29.83,-21.93,-23.76,-28.2
"2014-01-13 19:48:22.7",415,-457.8,-909,-11.94,-1490,-1900,-27.08,-2096,-2395,-20.3,-99.1,-48.11,-30.52,-23.61,-24.95,-28.66
"2014-01-13 19:48:22.8",416,-457.6,-909,-11.94,-1490,-1900,-27.08,-2105,-2401,-20.48,-99.1,-48.69,-31.19,-25.24,-26.15,-29.16
"2014-01-13 19:48:22.9",417,-457.6,-909,-11.94,-1490,-1900,-27.08,-2114,-2408,-20.67,-99.1,-49.21,-31.86,-26.84,-27.35,-29.69
"2014-01-13 19:48:23",418,-457.6,-909,-11.94,-1490,-1900,-27.08,-2124,-2414,-20.86,-99.1,-49.71,-32.5,-28.4,-28.55,-30.25
"2014-01-13 19:48:23.1",419,-457.4,-909,-11.94,-1490,-1900,-27.08,-2133,-2420,-21.06,-99.1,-50.16,-33.13,-29.93,-29.74,-30.84
"2014-01-13 19:48:23.2",420,-457.6,-909,-11.94,-1490,-1900,-27.08,-2143,-2427,-21.25,-99.1,-50.59,-33.75,-31.43,-30.93,-31.47
"2014-01-13 19:48:23.3",421,-457.6,-909,-11.94,-1490,-1900,-27.08,-2153,-2434,-21.45,-99.1,-50.98,-34.35,-32.89,-32.11,-32.12
"2014-01-13 19:48:23.4",422,-457.4,-909,-11.94,-1490,-1900,-27.08,-2163,-2441,-21.65,-99.2,-51.34,-34.94,-34.33,-33.29,-32.79
"2014-01-13 19:48:23.5",423,-457.6,-909,-11.94,-1490,-1900,-27.08,-2173,-2448,-21.85,-99.3,-51.68,-35.51,-35.74,-34.46,-33.49
"2014-01-13 19:48:23.6",424,-457.6,-909,-11.94,-1490,-1900,-27.08,-2183,-2455,-22.04,-99.3,-52,-36.07,-37.12,-35.63,-34.21
"2014-01-13 19:48:23.7",425,-457.4,-908,-11.94,-1490,-1900,-27.08,-2192,-2462,-22.24,-99.4,-52.3,-36.62,-38.48,-36.79,-34.95
"2014-01-13 19:48:23.8",426,-457.6,-909,-11.94,-1490,-1900,-27.08,-2202,-2469,-22.43,-99.5,-52.58,-37.16,-39.81,-37.94,-35.72
"2014-01-13 19:48:23.9",427,-457.6,-909,-11.94,-1490,-1900,-27.08,-2212,-2476,-22.63,-99.7,-52.86,-37.67,-41.11,-39.08,-36.49
"2014-01-13 19:48:24",428,-457.4,-909,-11.94,-1490,-1900,-27.08,-2221,-2483,-22.82,-99.8,-53.12,-38.19,-42.39,-40.21,-37.28
"2014-01-13 19:48:24.1",429,-457.8,-909,-11.94,-1490,-1900,-27.08,-2231,-2490,-23.01,-100,-53.37,-38.68,-43.66,-41.34,-38.08
"2014-01-13 19:48:24.2",430,-457.8,-909,-11.94,-1490,-1900,-27.08,-2240,-2497,-23.2,-100.2,-53.61,-39.16,-44.9,-42.46,-38.9
"2014-01-13 19:48:24.3",431,-457.8,-909,-11.94,-1490,-1900,-27.08,-2250,-2504,-23.38,-100.4,-53.84,-39.63,-46.13,-43.57,-39.73
"2014-01-13 19:48:24.4",432,-457.9,-909,-11.94,-1490,-1900,-27.08,-2259,-2511,-23.56,-100.6,-54.06,-40.09,-47.33,-44.68,-40.57
"2014-01-13 19:48:24.5",433,-458.1,-909,-11.94,-1490,-1900,-27.08,-2268,-2518,-23.74,-100.8,-54.28,-40.53,-48.51,-45.77,-41.43
"2014-01-13 19:48:24.6",434,-457.9,-909,-11.94,-1490,-1900,-27.08,-2276,-2524,-23.92,-101.1,-54.49,-40.96,-49.68,-46.85,-42.28
"2014-01-13 19:48:24.7",435,-457.9,-909,-11.94,-1490,-1900,-27.08,-2285,-2531,-24.09,-101.3,-54.69,-41.38,-50.83,-47.92,-43.14
"2014-01-13 19:48:24.8",436,-457.9,-909,-11.94,-1490,-1900,-27.08,-2294,-2537,-24.27,-101.5,-54.9,-41.79,-51.97,-48.99,-44.02
"2014-01-13 19:48:24.9",437,-457.8,-909,-11.94,-1490,-1900,-27.08,-2302,-2544,-24.43,-101.7,-55.09,-42.19,-53.08,-50.04,-44.9
"2014-01-13 19:48:25",438,-457.6,-909,-11.94,-1490,-1900,-27.08,-2311,-2550,-24.6,-101.9,-55.27,-42.57,-54.19,-51.08,-45.78
"2014-01-13 19:48:25.1",439,-457.6,-909,-11.94,-1490,-1900,-27.08,-2319,-2557,-23.66,-54.22,4.512,-42.55,-54.85,-51.77,-46.56
"2014-01-13 19:48:25.2",440,-457.4,-909,-11.94,-1489,-1900,-27.08,-2268,-2522,-22.76,-81,0.672,1.931,-45.55,-50.76,-46.79
"2014-01-13 19:48:25.3",441,-457.6,-909,-11.94,-1489,-1900,-27.08,-2220,-2489,-22,-95.5,-2.629,-0.644,18.02,-0.669,-41.17
"2014-01-13 19:48:25.4",442,-457.4,-908,-11.94,-1489,-1900,-27.08,-2180,-2461,-21.34,-103.4,-5.656,-3.018,16.97,-1.378,-37.34
"2014-01-13 19:48:25.5",443,-457.4,-909,-11.94,-1489,-1900,-27.08,-2145,-2438,-20.78,-107,-8.81,-5.261,15.8,-2.135,-36.79
"2014-01-13 19:48:25.6",444,-457.6,-909,-11.94,-1489,-1900,-27.08,-2117,-2418,-20.3,-108,-12.04,-7.401,14.49,-2.945,-31.24
"2014-01-13 19:48:25.7",445,-457.6,-909,-11.94,-1489,-1900,-27.08,-2094,-2402,-19.91,-107.6,-15.25,-9.42,13,-3.808,-29.93
"2014-01-13 19:48:25.8",446,-457.6,-909,-11.94,-1489,-1900,-27.08,-2074,-2389,-19.59,-106.7,-18.38,-11.29,11.35,-4.707,-28.93
"2014-01-13 19:48:25.9",447,-457.4,-908,-11.94,-1489,-1900,-27.08,-2059,-2378,-19.33,-105.6,-21.4,-13.03,9.55,-5.649,-28.16
"2014-01-13 19:48:26",448,-457.8,-909,-11.94,-1489,-1900,-27.08,-2047,-2369,-19.13,-104.5,-24.29,-14.6,7.639,-6.631,-27.56
"2014-01-13 19:48:26.1",449,-457.6,-909,-11.94,-1489,-1900,-27.08,-2037,-2362,-18.98,-103.5,-27.03,-16.04,5.644,-7.639,-27.09
"2014-01-13 19:48:26.2",450,-457.6,-909,-11.94,-1489,-1900,-27.08,-2031,-2358,-18.88,-102.6,-29.59,-17.48,3.588,-8.68,-26.72
"2014-01-13 19:48:26.3",451,-457.8,-909,-11.94,-1489,-1900,-27.08,-2027,-2354,-18.81,-101.9,-31.95,-18.91,1.488,-9.75,-26.42
"2014-01-13 19:48:26.4",452,-457.8,-909,-11.94,-1490,-1900,-27.08,-2024,-2352,-18.79,-101.3,-34.12,-20.3,-0.625,-10.84,-26.21
"2014-01-13 19:48:26.5",453,-457.8,-909,-11.94,-1490,-1900,-27.08,-2024,-2351,-18.79,-100.8,-36.07,-21.55,-2.739,-11.95,-26.06
"2014-01-13 19:48:26.6",454,-457.8,-909,-11.94,-1490,-1900,-27.08,-2025,-2352,-18.83,-100.5,-37.81,-22.58,-4.821,-13.08,-25.99
"2014-01-13 19:48:26.7",455,-457.6,-909,-11.94,-1490,-1900,-27.08,-2028,-2353,-18.9,-100.1,-39.38,-23.49,-6.877,-14.23,-25.98
"2014-01-13 19:48:26.8",456,-457.8,-909,-11.94,-1489,-1900,-27.08,-2032,-2355,-18.99,-99.9,-40.78,-24.34,-8.88,-15.37,-26.03
"2014-01-13 19:48:26.9",457,-457.6,-909,-11.94,-1490,-1900,-27.08,-2037,-2357,-19.09,-99.7,-42.04,-25.17,-10.85,-16.55,-26.15
"2014-01-13 19:48:27",458,-457.4,-908,-11.94,-1490,-1900,-27.08,-2043,-2361,-19.22,-99.5,-43.16,-25.96,-12.76,-17.72,-26.33
"2014-01-13 19:48:27.1",459,-457.8,-909,-11.94,-1490,-1900,-27.08,-2049,-2364,-19.36,-99.4,-44.2,-26.75,-14.63,-18.91,-26.56
"2014-01-13 19:48:27.2",460,-457.6,-909,-11.94,-1490,-1900,-27.08,-2056,-2369,-19.51,-99.3,-45.13,-27.51,-16.47,-20.09,-26.83
"2014-01-13 19:48:27.3",461,-457.6,-908,-11.94,-1490,-1900,-27.08,-2064,-2374,-19.67,-99.2,-45.95,-28.25,-18.25,-21.28,-27.17
"2014-01-13 19:48:27.4",462,-457.8,-909,-11.94,-1489,-1900,-27.08,-2073,-2379,-19.84,-99.1,-46.71,-28.98,-20,-22.48,-27.54
"2014-01-13 19:48:27.5",463,-457.6,-909,-11.94,-1489,-1900,-27.08,-2081,-2385,-20.01,-99.1,-47.42,-29.68,-21.71,-23.67,-27.96
"2014-01-13 19:48:27.6",464,-457.8,-909,-11.94,-1489,-1900,-27.08,-2090,-2391,-20.2,-99,-48.06,-30.38,-23.37,-24.87,-28.42
"2014-01-13 19:48:27.7",465,-457.8,-909,-11.94,-1489,-1900,-27.08,-2100,-2397,-20.38,-99,-48.63,-31.06,-25,-26.06,-28.91
"2014-01-13 19:48:27.8",466,-457.9,-909,-11.94,-1490,-1900,-27.08,-2109,-2403,-20.58,-99,-49.17,-31.73,-26.6,-27.26,-29.44
"2014-01-13 19:48:27.9",467,-457.9,-909,-11.94,-1490,-1900,-27.08,-2119,-2410,-20.77,-99,-49.66,-32.36,-28.16,-28.46,-30
"2014-01-13 19:48:28",468,-457.9,-909,-11.94,-1489,-1900,-27.08,-2129,-2416,-20.97,-99,-50.1,-33,-29.69,-29.64,-30.59
"2014-01-13 19:48:28.1",469,-457.9,-909,-11.94,-1489,-1900,-27.08,-2139,-2423,-21.17,-99.1,-50.53,-33.61,-31.18,-30.83,-31.22
"2014-01-13 19:48:28.2",470,-457.9,-909,-11.94,-1489,-1900,-27.08,-2148,-2430,-21.37,-99.1,-50.92,-34.21,-32.65,-32.01,-31.87
"2014-01-13 19:48:28.3",471,-457.9,-909,-11.94,-1489,-1900,-27.08,-2159,-2437,-21.57,-99.1,-51.29,-34.81,-34.08,-33.18,-32.55
"2014-01-13 19:48:28.4",472,-457.9,-909,-11.94,-1489,-1900,-27.08,-2169,-2444,-21.77,-99.2,-51.63,-35.39,-35.49,-34.35,-33.25
"2014-01-13 19:48:28.5",473,-457.9,-909,-11.94,-1489,-1900,-27.08,-2178,-2451,-21.97,-99.3,-51.96,-35.94,-36.87,-35.51,-33.97
"2014-01-13 19:48:28.6",474,-457.9,-909,-11.94,-1489,-1900,-27.08,-2189,-2459,-22.17,-99.4,-52.26,-36.5,-38.22,-36.66,-34.71
"2014-01-13 19:48:28.7",475,-458.1,-909,-11.94,-1489,-1900,-27.08,-2198,-2466,-22.36,-99.5,-52.55,-37.02,-39.55,-37.81,-35.47
"2014-01-13 19:48:28.8",476,-458.3,-909,-11.94,-1489,-1900,-27.08,-2208,-2473,-22.56,-99.6,-52.82,-37.54,-40.86,-38.95,-36.24
"2014-01-13 19:48:28.9",477,-458.4,-909,-11.94,-1489,-1900,-27.08,-2218,-2480,-22.75,-99.8,-53.08,-38.05,-42.14,-40.08,-37.04
"2014-01-13 19:48:29",478,-458.3,-909,-11.94,-1490,-1900,-27.08,-2227,-2487,-22.94,-100,-53.33,-38.55,-43.41,-41.21,-37.84
"2014-01-13 19:48:29.1",479,-458.3,-909,-11.94,-1489,-1900,-27.08,-2237,-2494,-23.13,-100.2,-53.57,-39.04,-44.65,-42.32,-38.67
"2014-01-13 19:48:29.2",480,-458.6,-909,-11.94,-1489,-1900,-27.08,-2246,-2501,-23.31,-100.4,-53.81,-39.5,-45.87,-43.42,-39.49
"2014-01-13 19:48:29.3",481,-458.6,-909,-11.94,-1490,-1900,-27.08,-2255,-2508,-23.5,-100.6,-54.02,-39.96,-47.07,-44.52,-40.33
"2014-01-13 19:48:29.4",482,-458.3,-909,-11.94,-1490,-1900,-27.08,-2265,-2515,-23.68,-100.8,-54.24,-40.41,-48.26,-45.61,-41.18
"2014-01-13 19:48:29.5",483,-458.1,-909,-11.94,-1490,-1900,-27.08,-2274,-2522,-23.86,-101,-54.45,-40.84,-49.43,-46.69,-42.04
"2014-01-13 19:48:29.6",484,-458.3,-909,-11.94,-1490,-1900,-27.08,-2282,-2529,-24.03,-101.2,-54.66,-41.27,-50.58,-47.76,-42.91
"2014-01-13 19:48:29.7",485,-457.9,-909,-11.94,-1490,-1900,-27.08,-2291,-2535,-24.21,-101.5,-54.85,-41.68,-51.72,-48.82,-43.79
"2014-01-13 19:48:29.8",486,-458.3,-909,-11.94,-1490,-1900,-27.08,-2300,-2542,-24.38,-101.7,-55.05,-42.08,-52.83,-49.87,-44.67
"2014-01-13 19:48:29.9",487,-458.3,-909,-11.94,-1490,-1900,-27.08,-2308,-2548,-24.54,-101.9,-55.24,-42.47,-53.94,-50.92,-45.55
"2014-01-13 19:48:30",488,-458.3,-909,-11.94,-1490,-1900,-27.08,-2316,-2555,-24.71,-102.1,-55.43,-42.84,-55.03,-51.95,-46.44
"2014-01-13 19:48:30.1",489,-458.1,-909,-11.94,-1489,-1900,-27.08,-2325,-2561,-23.76,-54.35,4.523,-42.7,-55.68,-52.63,-47.22
"2014-01-13 19:48:30.2",490,-458.1,-909,-11.94,-1489,-1900,-27.08,-2273,-2526,-22.86,-81.2,0.672,1.931,-46.09,-51.59,-47.44
"2014-01-13 19:48:30.3",491,-457.9,-909,-11.94,-1489,-1900,-27.08,-2225,-2493,-22.09,-95.7,-2.629,-0.638,18.02,-0.674,-41.63
"2014-01-13 19:48:30.4",492,-457.9,-909,-11.94,-1489,-1900,-27.08,-2184,-2465,-21.43,-103.6,-5.662,-3.018,16.97,-1.378,-37.67
"2014-01-13 19:48:30.5",493,-458.1,-909,-11.94,-1489,-1900,-27.08,-2150,-2441,-20.86,-107.1,-8.82,-5.279,15.8,-2.14,-37.04
"2014-01-13 19:48:30.6",494,-457.8,-909,-11.94,-1489,-1900,-27.08,-2121,-2421,-20.39,-108.1,-12.05,-7.413,14.48,-2.95,-31.42
"2014-01-13 19:48:30.7",495,-458.1,-909,-11.94,-1489,-1900,-27.08,-2097,-2405,-19.99,-107.7,-15.27,-9.43,12.98,-3.813,-30.09
"2014-01-13 19:48:30.8",496,-457.9,-909,-11.94,-1489,-1900,-27.08,-2078,-2391,-19.67,-106.8,-18.4,-11.3,11.33,-4.711,-29.08
"2014-01-13 19:48:30.9",497,-457.9,-909,-11.94,-1489,-1900,-27.08,-2062,-2380,-19.41,-105.7,-21.43,-13.04,9.53,-5.658,-28.29
"2014-01-13 19:48:31",498,-458.1,-909,-11.94,-1489,-1900,-27.08,-2050,-2372,-19.2,-104.6,-24.32,-14.61,7.617,-6.639,-27.68
"2014-01-13 19:48:31.1",499,-458.1,-909,-11.94,-1489,-1900,-27.08,-2041,-2365,-19.05,-103.6,-27.05,-16.06,5.614,-7.652,-27.21
"2014-01-13 19:48:31.2",500,-457.8,-909,-11.94,-1489,-1900,-27.08,-2034,-2360,-18.94,-102.7,-29.61,-17.5,3.553,-8.69,-26.83
"2014-01-13 19:48:31.3",501,-457.9,-909,-11.94,-1489,-1900,-27.08,-2030,-2357,-18.88,-101.9,-31.98,-18.94,1.449,-9.76,-26.54
"2014-01-13 19:48:31.4",502,-458.1,-909,-11.94,-1489,-1900,-27.08,-2027,-2354,-18.85,-101.4,-34.14,-20.33,-0.669,-10.85,-26.32
"2014-01-13 19:48:31.5",503,-457.9,-909,-11.94,-1489,-1900,-27.08,-2027,-2353,-18.85,-100.9,-36.1,-21.59,-2.787,-11.97,-26.17
"2014-01-13 19:48:31.6",504,-457.9,-909,-11.94,-1489,-1900,-27.08,-2028,-2353,-18.89,-100.5,-37.84,-22.63,-4.883,-13.1,-26.1
"2014-01-13 19:48:31.7",505,-457.9,-909,-11.94,-1489,-1900,-27.08,-2030,-2355,-18.95,-100.2,-39.41,-23.54,-6.939,-14.24,-26.09
"2014-01-13 19:48:31.8",506,-457.8,-909,-11.94,-1489,-1900,-27.08,-2034,-2357,-19.04,-99.9,-40.81,-24.39,-8.95,-15.4,-26.14
"2014-01-13 19:48:31.9",507,-457.8,-909,-11.94,-1490,-1900,-27.08,-2039,-2359,-19.14,-99.7,-42.07,-25.22,-10.91,-16.57,-26.26
"2014-01-13 19:48:32",508,-457.8,-909,-11.94,-1490,-1900,-27.08,-2045,-2362,-19.26,-99.5,-43.2,-26.03,-12.83,-17.75,-26.43
"2014-01-13 19:48:32.1",509,-457.8,-909,-11.94,-1489,-1900,-27.08,-2051,-2366,-19.4,-99.4,-44.23,-26.8,-14.71,-18.93,-26.66
"2014-01-13 19:48:32.2",510,-458.1,-909,-11.94,-1490,-1900,-27.08,-2059,-2371,-19.55,-99.3,-45.15,-27.57,-16.55,-20.12,-26.94
"2014-01-13 19:48:32.3",511,-458.1,-909,-11.94,-1489,-1900,-27.08,-2066,-2376,-19.71,-99.2,-45.98,-28.3,-18.34,-21.31,-27.26
"2014-01-13 19:48:32.4",512,-457.9,-909,-11.94,-1489,-1900,-27.08,-2075,-2381,-19.88,-99.1,-46.75,-29.04,-20.09,-22.51,-27.64
"2014-01-13 19:48:32.5",513,-457.9,-909,-11.94,-1489,-1900,-27.08,-2083,-2386,-20.05,-99.1,-47.44,-29.75,-21.79,-23.7,-28.05
"2014-01-13 19:48:32.6",514,-458.3,-909,-11.94,-1489,-1900,-27.08,-2092,-2392,-20.24,-99.1,-48.08,-30.43,-23.46,-24.91,-28.51
"2014-01-13 19:48:32.7",515,-458.4,-909,-11.94,-1489,-1900,-27.08,-2102,-2398,-20.42,-99,-48.66,-31.11,-25.1,-26.11,-29
"2014-01-13 19:48:32.8",516,-458.3,-909,-11.94,-1489,-1900,-27.08,-2111,-2405,-20.61,-99,-49.19,-31.77,-26.69,-27.31,-29.53
"2014-01-13 19:48:32.9",517,-458.1,-909,-11.94,-1489,-1900,-27.08,-2121,-2411,-20.81,-99,-49.68,-32.42,-28.25,-28.5,-30.09
"2014-01-13 19:48:33",518,-457.9,-909,-11.94,-1489,-1900,-27.08,-2131,-2418,-21.01,-99.1,-50.13,-33.05,-29.78,-29.69,-30.69
"2014-01-13 19:48:33.1",519,-458.1,-909,-11.94,-1489,-1900,-27.08,-2141,-2425,-21.2,-99.1,-50.56,-33.67,-31.28,-30.88,-31.31
"2014-01-13 19:50:35.8",1746,-457.6,-909,-11.94,-1490,-1900,-27.07,-2079,-2392,-19.68,-106.8,-18.39,-11.3,11.33,-4.715,-29.1
"2014-01-13 19:50:35.9",1747,-457.6,-909,-11.94,-1490,-1900,-27.07,-2063,-2381,-19.42,-105.7,-21.42,-13.06,9.53,-5.653,-28.32
"2014-01-13 19:50:36",1748,-457.6,-909,-11.94,-1490,-1900,-27.07,-2051,-2373,-19.21,-104.6,-24.31,-14.62,7.612,-6.644,-27.71
"2014-01-13 19:50:36.1",1749,-457.6,-909,-11.94,-1490,-1900,-27.08,-2041,-2366,-19.06,-103.6,-27.05,-16.08,5.605,-7.656,-27.24
"2014-01-13 19:50:36.2",1750,-457.8,-909,-11.94,-1490,-1900,-27.08,-2035,-2361,-18.95,-102.7,-29.6,-17.52,3.54,-8.7,-26.87
"2014-01-13 19:50:36.3",1751,-457.9,-909,-11.94,-1490,-1900,-27.08,-2031,-2357,-18.89,-101.9,-31.98,-18.95,1.44,-9.77,-26.57
"2014-01-13 19:50:36.4",1752,-458.1,-909,-11.94,-1490,-1900,-27.08,-2028,-2355,-18.86,-101.4,-34.15,-20.34,-0.678,-10.86,-26.35
"2014-01-13 19:50:36.5",1753,-458.2,-909,-11.94,-1490,-1900,-27.08,-2028,-2354,-18.86,-100.9,-36.1,-21.61,-2.8,-11.98,-26.2
"2014-01-13 19:50:36.6",1754,-458.1,-909,-11.94,-1490,-1900,-27.08,-2029,-2354,-18.9,-100.5,-37.84,-22.64,-4.891,-13.1,-26.12
"2014-01-13 19:50:36.7",1755,-458.2,-909,-11.94,-1490,-1900,-27.08,-2031,-2355,-18.96,-100.2,-39.4,-23.55,-6.948,-14.25,-26.12
"2014-01-13 19:50:36.8",1756,-458.4,-910,-11.94,-1490,-1900,-27.08,-2035,-2357,-19.05,-99.9,-40.81,-24.41,-8.96,-15.41,-26.17
"2014-01-13 19:50:36.9",1757,-458.2,-909,-11.94,-1490,-1900,-27.08,-2040,-2360,-19.15,-99.7,-42.07,-25.24,-10.93,-16.58,-26.28
"2014-01-13 19:50:37",1758,-458.2,-909,-11.94,-1490,-1900,-27.08,-2046,-2363,-19.27,-99.5,-43.2,-26.03,-12.86,-17.75,-26.46
"2014-01-13 19:50:37.1",1759,-458.1,-909,-11.94,-1490,-1900,-27.08,-2052,-2367,-19.41,-99.4,-44.23,-26.82,-14.73,-18.94,-26.68
"2014-01-13 19:50:37.2",1760,-458.1,-909,-11.94,-1490,-1900,-27.08,-2059,-2371,-19.56,-99.3,-45.15,-27.58,-16.56,-20.13,-26.96
"2014-01-13 19:50:37.3",1761,-458.1,-909,-11.94,-1490,-1900,-27.08,-2067,-2376,-19.72,-99.2,-45.98,-28.32,-18.36,-21.32,-27.29
"2014-01-13 19:50:37.4",1762,-458.2,-909,-11.94,-1490,-1900,-27.08,-2075,-2382,-19.88,-99.1,-46.75,-29.04,-20.11,-22.52,-27.66
"2014-01-13 19:50:37.5",1763,-458.2,-910,-11.94,-1490,-1900,-27.08,-2084,-2387,-20.06,-99.1,-47.44,-29.76,-21.82,-23.71,-28.08
"2014-01-13 19:50:37.6",1764,-458.6,-910,-11.94,-1490,-1900,-27.08,-2093,-2393,-20.24,-99.1,-48.07,-30.45,-23.48,-24.92,-28.54
"2014-01-13 19:50:37.7",1765,-458.4,-910,-11.94,-1490,-1900,-27.08,-2102,-2399,-20.43,-99,-48.66,-31.12,-25.11,-26.11,-29.03
"2014-01-13 19:50:37.8",1766,-458.1,-909,-11.94,-1490,-1900,-27.08,-2112,-2405,-20.62,-99,-49.19,-31.78,-26.71,-27.31,-29.56
"2014-01-13 19:50:37.9",1767,-458.1,-909,-11.94,-1490,-1900,-27.08,-2121,-2412,-20.81,-99,-49.68,-32.43,-28.27,-28.5,-30.12
"2014-01-13 19:50:38",1768,-458.1,-909,-11.94,-1490,-1900,-27.08,-2131,-2419,-21.01,-99,-50.14,-33.06,-29.8,-29.69,-30.72
"2014-01-13 19:50:38.1",1769,-457.9,-909,-11.94,-1490,-1900,-27.08,-2141,-2425,-21.21,-99.1,-50.56,-33.68,-31.29,-30.87,-31.34
"2014-01-13 19:50:38.2",1770,-458.1,-910,-11.94,-1490,-1900,-27.08,-2151,-2432,-21.41,-99.1,-50.95,-34.28,-32.76,-32.06,-32
"2014-01-13 19:50:38.3",1771,-458.1,-910,-11.94,-1490,-1900,-27.08,-2161,-2439,-21.6,-99.2,-51.32,-34.87,-34.2,-33.23,-32.67
"2014-01-13 19:50:38.4",1772,-457.9,-910,-11.94,-1490,-1900,-27.08,-2171,-2446,-21.8,-99.2,-51.66,-35.44,-35.6,-34.4,-33.37
"2014-01-13 19:50:38.5",1773,-457.9,-910,-11.94,-1490,-1900,-27.08,-2181,-2453,-22,-99.3,-51.98,-36.01,-36.99,-35.57,-34.09
"2014-01-13 19:50:38.6",1774,-458.1,-910,-11.94,-1490,-1900,-27.08,-2190,-2460,-22.2,-99.4,-52.28,-36.55,-38.34,-36.72,-34.83
"2014-01-13 19:50:38.7",1775,-458.2,-910,-11.94,-1490,-1900,-27.08,-2200,-2467,-22.4,-99.5,-52.56,-37.08,-39.67,-37.87,-35.59
"2014-01-13 19:50:38.8",1776,-458.4,-910,-11.94,-1490,-1900,-27.08,-2210,-2474,-22.59,-99.7,-52.85,-37.6,-40.98,-39.02,-36.36
"2014-01-13 19:50:38.9",1777,-458.6,-910,-11.94,-1490,-1900,-27.08,-2220,-2482,-22.78,-99.8,-53.1,-38.11,-42.27,-40.15,-37.15
"2014-01-13 19:50:39",1778,-458.6,-910,-11.94,-1490,-1900,-27.08,-2229,-2488,-22.97,-100,-53.35,-38.61,-43.53,-41.28,-37.96
"2014-01-13 19:50:39.1",1779,-458.6,-910,-11.94,-1490,-1900,-27.08,-2239,-2496,-23.16,-100.2,-53.59,-39.1,-44.78,-42.39,-38.77
"2014-01-13 19:50:39.2",1780,-458.6,-910,-11.95,-1490,-1900,-27.08,-2248,-2503,-23.35,-100.4,-53.82,-39.56,-46,-43.5,-39.61
"2014-01-13 19:50:39.3",1781,-458.6,-910,-11.95,-1490,-1900,-27.08,-2257,-2510,-23.53,-100.6,-54.05,-40.02,-47.2,-44.6,-40.45
"2014-01-13 19:50:39.4",1782,-458.2,-910,-11.95,-1490,-1900,-27.08,-2266,-2516,-23.71,-100.8,-54.26,-40.47,-48.39,-45.7,-41.3
"2014-01-13 19:50:39.5",1783,-458.2,-910,-11.95,-1490,-1900,-27.08,-2276,-2523,-23.89,-101,-54.48,-40.9,-49.55,-46.77,-42.16
"2014-01-13 19:50:39.6",1784,-458.1,-910,-11.95,-1490,-1900,-27.08,-2284,-2530,-24.07,-101.2,-54.68,-41.32,-50.7,-47.85,-43.02
"2014-01-13 19:50:39.7",1785,-458.1,-910,-11.95,-1490,-1900,-27.08,-2293,-2537,-24.24,-101.5,-54.88,-41.73,-51.84,-48.91,-43.9
"2014-01-13 19:50:39.8",1786,-457.9,-910,-11.95,-1490,-1900,-27.08,-2302,-2543,-24.41,-101.7,-55.07,-42.13,-52.95,-49.96,-44.78
"2014-01-13 19:50:39.9",1787,-457.8,-910,-11.95,-1490,-1900,-27.08,-2310,-2550,-24.57,-101.9,-55.27,-42.52,-54.06,-51.01,-45.66
"2014-01-13 19:50:40",1788,-457.8,-910,-11.95,-1490,-1900,-27.08,-2318,-2556,-24.74,-102.1,-55.44,-42.89,-55.15,-52.04,-46.55
"2014-01-13 19:50:40.1",1789,-457.6,-910,-11.95,-1490,-1900,-27.08,-2326,-2562,-24.9,-102.3,-55.63,-43.26,-56.22,-53.06,-47.45
"2014-01-13 19:50:40.2",1790,-457.6,-909,-11.94,-1490,-1900,-27.08,-2334,-2569,-23.94,-54.57,4.523,-42.95,-56.85,-53.71,-48.22
"2014-01-13 19:50:40.3",1791,-457.6,-909,-11.94,-1490,-1900,-27.08,-2283,-2533,-23.03,-81.5,0.677,1.913,-46.87,-52.64,-48.43
"2014-01-13 19:50:40.4",1792,-457.6,-909,-11.94,-1490,-1900,-27.08,-2234,-2500,-22.25,-96,-2.618,-0.65,18.02,-0.669,-42.32
"2014-01-13 19:50:40.5",1793,-457.6,-909,-11.94,-1490,-1900,-27.08,-2193,-2471,-21.58,-103.9,-5.657,-3.036,16.97,-1.378,-38.18
"2014-01-13 19:50:40.6",1794,-457.6,-909,-11.94,-1490,-1900,-27.08,-2158,-2447,-21.01,-107.4,-8.82,-5.296,15.79,-2.14,-37.39
"2014-01-13 19:50:40.7",1795,-457.8,-909,-11.94,-1490,-1900,-27.08,-2129,-2427,-20.53,-108.2,-12.05,-7.431,14.46,-2.954,-31.71
"2014-01-13 19:50:40.8",1796,-457.6,-909,-11.94,-1490,-1900,-27.08,-2104,-2411,-20.13,-107.8,-15.26,-9.46,12.97,-3.813,-30.34
"2014-01-13 19:50:40.9",1797,-457.6,-909,-11.94,-1490,-1900,-27.08,-2085,-2397,-19.8,-106.9,-18.42,-11.34,11.31,-4.72,-29.29
"2014-01-13 19:50:41",1798,-457.6,-909,-11.94,-1490,-1900,-27.08,-2069,-2386,-19.53,-105.7,-21.43,-13.08,9.5,-5.666,-28.49
"2014-01-13 19:50:41.1",1799,-457.3,-909,-11.94,-1490,-1900,-27.08,-2056,-2377,-19.32,-104.6,-24.33,-14.66,7.568,-6.653,-27.87
"2014-01-13 19:50:41.2",1800,-457.3,-909,-11.94,-1490,-1900,-27.08,-2047,-2370,-19.16,-103.6,-27.06,-16.11,5.556,-7.665,-27.39
"2014-01-13 19:50:41.3",1801,-457.4,-909,-11.94,-1490,-1900,-27.08,-2040,-2365,-19.05,-102.7,-29.63,-17.56,3.487,-8.71,-27.01
"2014-01-13 19:50:41.4",1802,-457.4,-909,-11.94,-1490,-1900,-27.08,-2035,-2361,-18.98,-102,-32,-18.99,1.374,-9.78,-26.71
"2014-01-13 19:50:41.5",1803,-457.4,-909,-11.94,-1490,-1900,-27.08,-2033,-2359,-18.95,-101.4,-34.17,-20.4,-0.753,-10.88,-26.49
"2014-01-13 19:50:41.6",1804,-457.3,-909,-11.94,-1490,-1900,-27.08,-2032,-2358,-18.95,-100.9,-36.13,-21.67,-2.879,-11.99,-26.34
"2014-01-13 19:50:41.7",1805,-457.4,-909,-11.94,-1490,-1900,-27.08,-2033,-2358,-18.98,-100.5,-37.87,-22.71,-4.984,-13.12,-26.26
"2014-01-13 19:50:41.8",1806,-457.4,-909,-11.94,-1490,-1900,-27.08,-2036,-2359,-19.04,-100.2,-39.43,-23.63,-7.044,-14.27,-26.25
"2014-01-13 19:50:41.9",1807,-457.6,-909,-11.94,-1490,-1900,-27.08,-2039,-2361,-19.13,-99.9,-40.84,-24.49,-9.07,-15.43,-26.3
"2014-01-13 19:50:42",1808,-457.3,-909,-11.94,-1490,-1900,-27.08,-2044,-2363,-19.23,-99.7,-42.1,-25.32,-11.04,-16.61,-26.42
"2014-01-13 19:50:42.1",1809,-457.4,-909,-11.94,-1490,-1900,-27.08,-2049,-2366,-19.35,-99.6,-43.23,-26.12,-12.97,-17.79,-26.59
"2014-01-13 19:50:42.2",1810,-457.6,-909,-11.94,-1490,-1900,-27.08,-2056,-2370,-19.48,-99.4,-44.25,-26.9,-14.85,-18.97,-26.82
"2014-01-13 19:50:42.3",1811,-457.4,-909,-11.94,-1490,-1900,-27.08,-2063,-2374,-19.63,-99.3,-45.18,-27.66,-16.68,-20.17,-27.09
"2014-01-13 19:50:42.4",1812,-457.6,-909,-11.94,-1490,-1900,-27.08,-2070,-2379,-19.78,-99.2,-46.01,-28.4,-18.48,-21.37,-27.42
"2014-01-13 19:50:42.5",1813,-457.6,-909,-11.94,-1490,-1900,-27.08,-2079,-2384,-19.95,-99.2,-46.77,-29.13,-20.23,-22.56,-27.79
"2014-01-13 19:50:42.6",1814,-457.6,-909,-11.94,-1490,-1900,-27.08,-2087,-2390,-20.13,-99.1,-47.47,-29.84,-21.94,-23.77,-28.21
"2014-01-13 19:50:42.7",1815,-457.8,-909,-11.94,-1490,-1900,-27.08,-2096,-2395,-20.31,-99.1,-48.11,-30.53,-23.62,-24.96,-28.66
"2014-01-13 19:50:42.8",1816,-457.8,-909,-11.94,-1490,-1900,-27.08,-2105,-2401,-20.49,-99.1,-48.69,-31.2,-25.25,-26.17,-29.15
"2014-01-13 19:50:42.9",1817,-457.8,-909,-11.94,-1490,-1900,-27.08,-2114,-2408,-20.68,-99.1,-49.22,-31.86,-26.85,-27.37,-29.69
"2014-01-13 19:50:43",1818,-457.6,-909,-11.94,-1490,-1900,-27.08,-2124,-2414,-20.87,-99.1,-49.71,-32.5,-28.42,-28.56,-30.25
"2014-01-13 19:50:43.1",1819,-457.6,-909,-11.94,-1490,-1900,-27.08,-2133,-2421,-21.07,-99.1,-50.17,-33.14,-29.94,-29.75,-30.85
"2014-01-13 19:50:43.2",1820,-457.4,-909,-11.94,-1490,-1900,-27.08,-2143,-2427,-21.27,-99.1,-50.59,-33.76,-31.44,-30.94,-31.47
"2014-01-13 19:50:43.3",1821,-457.4,-909,-11.94,-1490,-1900,-27.08,-2153,-2434,-21.46,-99.1,-50.98,-34.36,-32.91,-32.13,-32.12
"2014-01-13 19:50:43.4",1822,-457.8,-909,-11.94,-1490,-1900,-27.08,-2163,-2441,-21.66,-99.2,-51.35,-34.95,-34.34,-33.31,-32.8
"2014-01-13 19:50:43.5",1823,-457.9,-909,-11.94,-1490,-1900,-27.08,-2173,-2448,-21.86,-99.2,-51.68,-35.51,-35.75,-34.48,-33.5
"2014-01-13 19:50:43.6",1824,-458.1,-909,-11.94,-1490,-1900,-27.08,-2183,-2455,-22.06,-99.3,-52.01,-36.07,-37.13,-35.64,-34.21
"2014-01-13 19:50:43.7",1825,-457.9,-909,-11.94,-1490,-1900,-27.08,-2192,-2462,-22.25,-99.4,-52.31,-36.62,-38.48,-36.8,-34.96
"2014-01-13 19:50:43.8",1826,-457.9,-909,-11.94,-1490,-1900,-27.08,-2202,-2469,-22.44,-99.5,-52.59,-37.16,-39.81,-37.95,-35.72
"2014-01-13 19:50:43.9",1827,-457.9,-910,-11.94,-1490,-1900,-27.08,-2212,-2476,-22.64,-99.7,-52.87,-37.68,-41.12,-39.09,-36.49
"2014-01-13 19:50:44",1828,-458.1,-910,-11.94,-1490,-1900,-27.08,-2221,-2483,-22.83,-99.8,-53.13,-38.18,-42.41,-40.23,-37.28
"2014-01-13 19:50:44.1",1829,-458.2,-910,-11.94,-1490,-1900,-27.08,-2231,-2490,-23.02,-100,-53.38,-38.68,-43.67,-41.36,-38.09
"2014-01-13 19:50:44.2",1830,-458.4,-910,-11.94,-1490,-1900,-27.08,-2240,-2497,-23.2,-100.2,-53.62,-39.17,-44.92,-42.48,-38.9
"2014-01-13 19:50:44.3",1831,-458.4,-910,-11.94,-1490,-1900,-27.08,-2250,-2504,-23.39,-100.4,-53.85,-39.63,-46.14,-43.59,-39.73
"2014-01-13 19:50:44.4",1832,-458.6,-910,-11.94,-1490,-1900,-27.08,-2259,-2511,-23.57,-100.6,-54.06,-40.09,-47.34,-44.68,-40.58
"2014-01-13 19:50:44.5",1833,-458.9,-910,-11.94,-1490,-1900,-27.08,-2268,-2518,-23.75,-100.8,-54.28,-40.53,-48.53,-45.78,-41.43
"2014-01-13 19:50:44.6",1834,-458.9,-910,-11.94,-1490,-1900,-27.08,-2277,-2525,-23.93,-101.1,-54.5,-40.97,-49.69,-46.86,-42.28
"2014-01-13 19:50:44.7",1835,-459.1,-910,-11.94,-1490,-1900,-27.08,-2286,-2531,-24.1,-101.3,-54.7,-41.39,-50.84,-47.93,-43.15
"2014-01-13 19:50:44.8",1836,-459.2,-910,-11.94,-1490,-1900,-27.08,-2294,-2538,-24.27,-101.5,-54.9,-41.79,-51.98,-48.99,-44.02
"2014-01-13 19:50:44.9",1837,-459.2,-910,-11.94,-1490,-1900,-27.08,-2303,-2545,-24.44,-101.7,-55.08,-42.2,-53.09,-50.05,-44.91
"2014-01-13 19:50:45",1838,-459.1,-910,-11.94,-1490,-1900,-27.08,-2311,-2551,-24.61,-101.9,-55.28,-42.58,-54.19,-51.09,-45.79
"2014-01-13 19:50:45.1",1839,-459.1,-910,-11.94,-1490,-1900,-27.08,-2319,-2557,-23.67,-54.14,4.511,-42.56,-54.86,-51.78,-46.57
"2014-01-13 19:50:45.2",1840,-459.1,-910,-11.94,-1490,-1900,-27.08,-2268,-2522,-22.77,-81,0.672,1.93,-45.55,-50.77,-46.81
"2014-01-13 19:50:45.3",1841,-458.9,-910,-11.94,-1490,-1900,-27.08,-2220,-2489,-22.01,-95.5,-2.641,-0.639,18.02,-0.674,-41.18
"2014-01-13 19:50:45.4",1842,-458.9,-910,-11.94,-1490,-1900,-27.08,-2180,-2461,-21.35,-103.4,-5.657,-3.019,16.97,-1.382,-37.34
"2014-01-13 19:50:45.5",1843,-458.7,-910,-11.94,-1490,-1900,-27.08,-2146,-2438,-20.79,-107,-8.81,-5.256,15.8,-2.14,-36.8
"2014-01-13 19:50:45.6",1844,-458.4,-910,-11.94,-1490,-1900,-27.08,-2117,-2418,-20.31,-107.9,-12.04,-7.408,14.48,-2.95,-31.25
"2014-01-13 19:50:45.7",1845,-458.6,-910,-11.94,-1490,-1900,-27.08,-2094,-2402,-19.92,-107.6,-15.25,-9.41,12.99,-3.808,-29.94
"2014-01-13 19:51:34.5",2333,-457.6,-910,-11.94,-1490,-1900,-27.08,-2275,-2523,-23.86,-101,-54.46,-40.9,-49.52,-46.76,-42.14
"2014-01-13 19:51:34.6",2334,-457.6,-910,-11.94,-1490,-1900,-27.08,-2283,-2530,-24.03,-101.2,-54.66,-41.32,-50.67,-47.83,-43.01
"2014-01-13 19:51:34.7",2335,-457.9,-910,-11.94,-1490,-1900,-27.08,-2292,-2536,-24.21,-101.5,-54.87,-41.73,-51.8,-48.89,-43.88
"2014-01-13 19:51:34.8",2336,-457.8,-910,-11.94,-1490,-1900,-27.08,-2301,-2543,-24.38,-101.7,-55.06,-42.13,-52.92,-49.94,-44.76
"2014-01-13 19:51:34.9",2337,-457.9,-910,-11.94,-1490,-1900,-27.08,-2309,-2549,-24.54,-101.9,-55.25,-42.51,-54.03,-50.98,-45.64
"2014-01-13 19:51:35",2338,-458.1,-910,-11.94,-1490,-1900,-27.08,-2317,-2556,-24.71,-102.1,-55.43,-42.89,-55.11,-52.01,-46.53
"2014-01-13 19:51:35.1",2339,-457.9,-910,-11.94,-1490,-1900,-27.08,-2326,-2562,-23.76,-54.37,4.505,-42.73,-55.77,-52.69,-47.31
"2014-01-13 19:51:35.2",2340,-458.1,-910,-11.94,-1490,-1900,-27.08,-2274,-2527,-22.86,-81.2,0.66,1.919,-46.15,-51.66,-47.53
"2014-01-13 19:51:35.3",2341,-458.1,-910,-11.94,-1490,-1899,-27.08,-2226,-2494,-22.09,-95.7,-2.63,-0.644,18.02,-0.674,-41.69
"2014-01-13 19:51:35.4",2342,-458.1,-910,-11.94,-1490,-1899,-27.07,-2185,-2466,-21.43,-103.6,-5.662,-3.025,16.96,-1.382,-37.72
"2014-01-13 19:51:35.5",2343,-458.2,-910,-11.94,-1490,-1899,-27.08,-2151,-2442,-20.86,-107.2,-8.82,-5.273,15.8,-2.14,-37.07
"2014-01-13 19:51:35.6",2344,-458.4,-910,-11.94,-1490,-1899,-27.07,-2122,-2422,-20.39,-108.1,-12.05,-7.413,14.47,-2.954,-31.45
"2014-01-13 19:51:35.7",2345,-458.2,-910,-11.94,-1490,-1899,-27.07,-2098,-2406,-19.99,-107.7,-15.26,-9.43,12.98,-3.813,-30.11
"2014-01-13 19:51:35.8",2346,-458.2,-910,-11.94,-1490,-1900,-27.08,-2078,-2392,-19.66,-106.8,-18.4,-11.3,11.33,-4.715,-29.09
"2014-01-13 19:51:35.9",2347,-458.1,-910,-11.94,-1490,-1900,-27.08,-2063,-2381,-19.4,-105.7,-21.43,-13.05,9.53,-5.658,-28.31
"2014-01-13 19:51:36",2348,-458.1,-910,-11.94,-1490,-1900,-27.08,-2050,-2372,-19.19,-104.6,-24.32,-14.62,7.612,-6.639,-27.7
"2014-01-13 19:51:36.1",2349,-458.1,-910,-11.94,-1491,-1900,-27.08,-2041,-2365,-19.04,-103.6,-27.05,-16.06,5.605,-7.656,-27.23
"2014-01-13 19:51:36.2",2350,-457.9,-910,-11.94,-1490,-1900,-27.08,-2034,-2360,-18.93,-102.7,-29.61,-17.5,3.54,-8.7,-26.85
"2014-01-13 19:51:36.3",2351,-457.8,-910,-11.94,-1490,-1900,-27.08,-2030,-2357,-18.86,-102,-31.98,-18.94,1.431,-9.77,-26.55
"2014-01-13 19:51:36.4",2352,-457.8,-910,-11.94,-1491,-1900,-27.08,-2028,-2355,-18.84,-101.3,-34.15,-20.33,-0.682,-10.86,-26.33
"2014-01-13 19:51:36.5",2353,-457.8,-910,-11.94,-1490,-1900,-27.08,-2027,-2354,-18.84,-100.9,-36.1,-21.59,-2.8,-11.97,-26.18
"2014-01-13 19:51:36.6",2354,-457.6,-910,-11.94,-1491,-1900,-27.08,-2029,-2354,-18.88,-100.5,-37.84,-22.63,-4.896,-13.1,-26.11
"2014-01-13 19:51:36.7",2355,-457.4,-909,-11.94,-1490,-1900,-27.08,-2031,-2355,-18.94,-100.2,-39.4,-23.54,-6.952,-14.25,-26.1
"2014-01-13 19:51:36.8",2356,-457.4,-910,-11.94,-1491,-1900,-27.08,-2035,-2357,-19.03,-99.9,-40.81,-24.4,-8.96,-15.41,-26.15
"2014-01-13 19:51:36.9",2357,-457.3,-909,-11.94,-1491,-1900,-27.08,-2040,-2360,-19.13,-99.7,-42.07,-25.23,-10.93,-16.58,-26.27
"2014-01-13 19:51:37",2358,-457.3,-909,-11.94,-1491,-1900,-27.08,-2045,-2363,-19.26,-99.5,-43.2,-26.03,-12.86,-17.76,-26.44
"2014-01-13 19:51:37.1",2359,-457.4,-910,-11.94,-1491,-1900,-27.08,-2052,-2367,-19.39,-99.4,-44.22,-26.81,-14.74,-18.94,-26.67
"2014-01-13 19:51:37.2",2360,-457.3,-909,-11.94,-1491,-1900,-27.08,-2059,-2371,-19.54,-99.3,-45.15,-27.57,-16.57,-20.13,-26.94
"2014-01-13 19:51:37.3",2361,-457.3,-909,-11.94,-1491,-1900,-27.08,-2067,-2376,-19.7,-99.2,-45.98,-28.31,-18.36,-21.33,-27.27
"2014-01-13 19:51:37.4",2362,-457.4,-909,-11.94,-1491,-1900,-27.08,-2075,-2381,-19.87,-99.1,-46.74,-29.04,-20.11,-22.53,-27.65
"2014-01-13 19:51:37.5",2363,-457.3,-909,-11.94,-1491,-1900,-27.08,-2084,-2387,-20.05,-99.1,-47.43,-29.75,-21.82,-23.73,-28.06
"2014-01-13 19:51:37.6",2364,-456.9,-909,-11.94,-1491,-1900,-27.08,-2093,-2393,-20.23,-99.1,-48.07,-30.44,-23.49,-24.92,-28.52
"2014-01-13 19:51:37.7",2365,-457.4,-909,-11.94,-1491,-1900,-27.08,-2102,-2399,-20.41,-99,-48.65,-31.12,-25.12,-26.13,-29.02
"2014-01-13 19:51:37.8",2366,-457.6,-909,-11.94,-1491,-1900,-27.08,-2111,-2405,-20.6,-99,-49.18,-31.78,-26.72,-27.33,-29.55
"2014-01-13 19:51:37.9",2367,-457.8,-909,-11.94,-1491,-1900,-27.08,-2121,-2412,-20.8,-99,-49.68,-32.44,-28.28,-28.52,-30.11
"2014-01-13 19:51:38",2368,-457.6,-909,-11.94,-1490,-1900,-27.08,-2131,-2418,-20.99,-99,-50.14,-33.06,-29.81,-29.71,-30.7
"2014-01-13 19:51:38.1",2369,-457.8,-909,-11.94,-1491,-1900,-27.08,-2141,-2425,-21.19,-99.1,-50.56,-33.68,-31.3,-30.89,-31.33
"2014-01-13 19:51:38.2",2370,-457.8,-909,-11.94,-1491,-1900,-27.08,-2150,-2432,-21.39,-99.1,-50.95,-34.27,-32.77,-32.07,-31.98
"2014-01-13 19:51:38.3",2371,-457.8,-909,-11.94,-1490,-1900,-27.08,-2160,-2439,-21.59,-99.2,-51.31,-34.87,-34.2,-33.25,-32.66
"2014-01-13 19:51:38.4",2372,-457.3,-909,-11.94,-1490,-1900,-27.08,-2170,-2446,-21.79,-99.2,-51.65,-35.44,-35.61,-34.42,-33.36
"2014-01-13 19:51:38.5",2373,-457.6,-909,-11.94,-1491,-1900,-27.08,-2180,-2453,-21.99,-99.3,-51.97,-36.01,-36.99,-35.58,-34.08
"2014-01-13 19:51:38.6",2374,-457.4,-909,-11.94,-1490,-1900,-27.08,-2190,-2460,-22.18,-99.4,-52.27,-36.55,-38.34,-36.74,-34.82
"2014-01-13 19:51:38.7",2375,-457.4,-909,-11.94,-1490,-1900,-27.08,-2200,-2468,-22.38,-99.5,-52.56,-37.09,-39.67,-37.89,-35.58
"2014-01-13 19:51:38.8",2376,-457.4,-909,-11.94,-1490,-1900,-27.08,-2210,-2475,-22.57,-99.7,-52.84,-37.6,-40.98,-39.03,-36.36
"2014-01-13 19:51:38.9",2377,-457.6,-909,-11.94,-1491,-1900,-27.08,-2220,-2482,-22.77,-99.8,-53.09,-38.12,-42.27,-40.16,-37.15
"2014-01-13 19:51:39",2378,-457.4,-909,-11.94,-1490,-1900,-27.08,-2229,-2489,-22.96,-100,-53.35,-38.61,-43.52,-41.28,-37.96
"2014-01-13 19:51:39.1",2379,-457.1,-909,-11.94,-1490,-1900,-27.08,-2238,-2496,-23.15,-100.2,-53.58,-39.1,-44.77,-42.4,-38.77
"2014-01-13 19:51:39.2",2380,-457.3,-909,-11.94,-1490,-1900,-27.08,-2248,-2503,-23.33,-100.4,-53.81,-39.56,-45.99,-43.51,-39.61
"2014-01-13 19:51:39.3",2381,-457.3,-909,-11.94,-1490,-1900,-27.08,-2257,-2510,-23.52,-100.6,-54.04,-40.02,-47.19,-44.61,-40.45
"2014-01-13 19:51:39.4",2382,-457.6,-909,-11.94,-1490,-1900,-27.08,-2266,-2516,-23.7,-100.8,-54.26,-40.47,-48.38,-45.7,-41.3
"2014-01-13 19:51:39.5",2383,-457.4,-909,-11.94,-1490,-1900,-27.08,-2275,-2523,-23.87,-101,-54.46,-40.89,-49.54,-46.77,-42.16
"2014-01-13 19:51:39.6",2384,-457.4,-909,-11.94,-1490,-1900,-27.08,-2284,-2530,-24.05,-101.2,-54.68,-41.32,-50.69,-47.85,-43.03
"2014-01-13 19:51:39.7",2385,-457.6,-909,-11.94,-1490,-1900,-27.08,-2293,-2537,-24.22,-101.5,-54.87,-41.73,-51.83,-48.91,-43.9
"2014-01-13 19:51:39.8",2386,-457.6,-909,-11.94,-1490,-1900,-27.08,-2301,-2543,-24.39,-101.7,-55.07,-42.13,-52.94,-49.96,-44.78
"2014-01-13 19:51:39.9",2387,-457.6,-909,-11.94,-1490,-1900,-27.08,-2310,-2550,-24.56,-101.9,-55.26,-42.52,-54.04,-51,-45.67
"2014-01-13 19:51:40",2388,-457.4,-909,-11.94,-1490,-1900,-27.08,-2318,-2556,-24.72,-102.1,-55.44,-42.89,-55.14,-52.03,-46.55
"2014-01-13 19:51:40.1",2389,-457.4,-909,-11.94,-1490,-1900,-27.08,-2326,-2563,-24.88,-102.3,-55.62,-43.26,-56.21,-53.05,-47.45
"2014-01-13 19:51:40.2",2390,-457.1,-909,-11.94,-1490,-1900,-27.08,-2334,-2569,-23.92,-54.58,4.516,-42.95,-56.85,-53.71,-48.23
"2014-01-13 19:51:40.3",2391,-457.1,-909,-11.93,-1490,-1900,-27.08,-2282,-2533,-23.02,-81.5,0.666,1.913,-46.86,-52.64,-48.44
"2014-01-13 19:51:40.4",2392,-457.1,-909,-11.93,-1490,-1900,-27.08,-2233,-2499,-22.24,-96,-2.63,-0.639,18.02,-0.678,-42.32
"2014-01-13 19:51:40.5",2393,-457.3,-909,-11.93,-1490,-1900,-27.08,-2192,-2471,-21.57,-103.9,-5.651,-3.031,16.96,-1.387,-38.19
"2014-01-13 19:51:40.6",2394,-457.1,-909,-11.94,-1490,-1900,-27.08,-2157,-2447,-21,-107.3,-8.81,-5.285,15.78,-2.153,-37.4
"2014-01-13 19:51:40.7",2395,-457.1,-909,-11.94,-1490,-1900,-27.08,-2128,-2427,-20.52,-108.2,-12.04,-7.436,14.45,-2.963,-31.7
"2014-01-13 19:51:40.8",2396,-457.3,-909,-11.94,-1490,-1900,-27.08,-2104,-2411,-20.11,-107.8,-15.26,-9.45,12.96,-3.822,-30.33
"2014-01-13 19:51:40.9",2397,-457.3,-909,-11.93,-1490,-1900,-27.08,-2084,-2397,-19.78,-106.9,-18.4,-11.33,11.3,-4.728,-29.3
"2014-01-13 19:51:41",2398,-457.4,-909,-11.94,-1490,-1900,-27.08,-2069,-2386,-19.52,-105.7,-21.43,-13.08,9.49,-5.675,-28.49
"2014-01-13 19:51:41.1",2399,-457.3,-909,-11.94,-1490,-1900,-27.08,-2056,-2377,-19.31,-104.6,-24.32,-14.65,7.564,-6.657,-27.88
"2014-01-13 19:51:41.2",2400,-457.3,-909,-11.93,-1490,-1900,-27.08,-2046,-2370,-19.15,-103.6,-27.06,-16.11,5.552,-7.674,-27.39
"2014-01-13 19:51:41.3",2401,-457.4,-909,-11.94,-1490,-1900,-27.08,-2039,-2365,-19.04,-102.7,-29.62,-17.55,3.478,-8.72,-27.01
"2014-01-13 19:51:41.4",2402,-457.3,-909,-11.94,-1490,-1900,-27.08,-2035,-2361,-18.97,-102,-31.99,-18.98,1.369,-9.79,-26.71
"2014-01-13 19:51:41.5",2403,-457.4,-909,-11.94,-1490,-1900,-27.08,-2032,-2359,-18.94,-101.4,-34.16,-20.38,-0.762,-10.89,-26.49
"2014-01-13 19:51:41.6",2404,-457.4,-909,-11.94,-1490,-1900,-27.08,-2032,-2358,-18.94,-100.9,-36.11,-21.66,-2.884,-12.01,-26.34
"2014-01-13 19:51:41.7",2405,-457.3,-909,-11.94,-1490,-1900,-27.08,-2033,-2358,-18.98,-100.5,-37.86,-22.71,-4.988,-13.14,-26.26
"2014-01-13 19:51:41.8",2406,-457.3,-909,-11.94,-1490,-1900,-27.08,-2035,-2359,-19.03,-100.2,-39.43,-23.63,-7.044,-14.28,-26.25
"2014-01-13 19:51:41.9",2407,-457.4,-909,-11.93,-1490,-1900,-27.08,-2039,-2361,-19.12,-99.9,-40.82,-24.48,-9.06,-15.44,-26.31
"2014-01-13 19:51:42",2408,-457.3,-909,-11.94,-1490,-1900,-27.08,-2043,-2363,-19.22,-99.7,-42.09,-25.31,-11.04,-16.62,-26.42
"2014-01-13 19:51:42.1",2409,-457.3,-909,-11.94,-1490,-1900,-27.08,-2049,-2366,-19.34,-99.6,-43.22,-26.12,-12.97,-17.8,-26.59
"2014-01-13 19:51:42.2",2410,-457.4,-909,-11.94,-1490,-1900,-27.08,-2055,-2370,-19.47,-99.4,-44.25,-26.9,-14.85,-18.98,-26.82
"2014-01-13 19:51:42.3",2411,-457.1,-909,-11.94,-1490,-1900,-27.08,-2063,-2374,-19.62,-99.3,-45.17,-27.66,-16.69,-20.17,-27.09
"2014-01-13 19:51:42.4",2412,-457.1,-909,-11.94,-1490,-1900,-27.08,-2070,-2379,-19.78,-99.2,-46,-28.4,-18.48,-21.37,-27.42
"2014-01-13 19:51:42.5",2413,-457.6,-909,-11.94,-1490,-1900,-27.08,-2078,-2384,-19.94,-99.2,-46.77,-29.12,-20.23,-22.57,-27.79
"2014-01-13 19:51:42.6",2414,-457.3,-909,-11.94,-1490,-1900,-27.08,-2087,-2389,-20.11,-99.1,-47.46,-29.83,-21.94,-23.77,-28.21
"2014-01-13 19:51:42.7",2415,-457.4,-909,-11.94,-1490,-1900,-27.08,-2095,-2395,-20.3,-99.1,-48.1,-30.52,-23.62,-24.98,-28.67
"2014-01-13 19:51:42.8",2416,-457.4,-909,-11.94,-1490,-1900,-27.08,-2105,-2401,-20.48,-99.1,-48.68,-31.2,-25.25,-26.17,-29.16
"2014-01-13 19:51:42.9",2417,-457.3,-909,-11.94,-1490,-1900,-27.08,-2114,-2407,-20.67,-99.1,-49.21,-31.86,-26.85,-27.38,-29.69
"2014-01-13 19:51:43",2418,-457.3,-909,-11.93,-1490,-1900,-27.08,-2124,-2414,-20.86,-99.1,-49.7,-32.51,-28.41,-28.57,-30.25
"2014-01-13 19:51:43.1",2419,-457.1,-909,-11.94,-1490,-1900,-27.08,-2133,-2421,-21.06,-99.1,-50.16,-33.14,-29.94,-29.76,-30.85
"2014-01-13 19:51:43.2",2420,-457.1,-909,-11.94,-1490,-1900,-27.08,-2143,-2427,-21.25,-99.1,-50.58,-33.75,-31.44,-30.95,-31.47
"2014-01-13 19:51:43.3",2421,-457.3,-909,-11.94,-1490,-1900,-27.08,-2153,-2434,-21.45,-99.1,-50.97,-34.36,-32.9,-32.13,-32.12
"2014-01-13 19:51:43.4",2422,-457.3,-909,-11.94,-1490,-1900,-27.08,-2163,-2441,-21.65,-99.2,-51.33,-34.94,-34.34,-33.31,-32.79
"2014-01-13 19:51:43.5",2423,-457.1,-909,-11.94,-1490,-1900,-27.08,-2172,-2448,-21.84,-99.2,-51.67,-35.52,-35.75,-34.49,-33.49
"2014-01-13 19:51:43.6",2424,-457.3,-909,-11.94,-1490,-1900,-27.08,-2182,-2455,-22.04,-99.3,-51.99,-36.08,-37.13,-35.65,-34.22
"2014-01-13 19:51:43.7",2425,-457.4,-909,-11.94,-1490,-1900,-27.08,-2192,-2462,-22.24,-99.4,-52.3,-36.63,-38.49,-36.81,-34.95
"2014-01-13 19:51:43.8",2426,-457.4,-909,-11.94,-1490,-1900,-27.08,-2202,-2469,-22.43,-99.5,-52.58,-37.16,-39.82,-37.96,-35.71
"2014-01-13 19:51:43.9",2427,-457.4,-909,-11.94,-1490,-1900,-27.08,-2212,-2476,-22.62,-99.7,-52.85,-37.68,-41.13,-39.1,-36.49
"2014-01-13 19:51:44",2428,-457.4,-909,-11.94,-1490,-1900,-27.08,-2221,-2483,-22.82,-99.8,-53.11,-38.19,-42.41,-40.24,-37.29
"2014-01-13 19:51:44.1",2429,-457.4,-909,-11.94,-1490,-1900,-27.08,-2231,-2490,-23.01,-100,-53.36,-38.68,-43.67,-41.36,-38.09
"2014-01-13 19:51:44.2",2430,-457.6,-909,-11.94,-1490,-1900,-27.08,-2240,-2497,-23.19,-100.2,-53.59,-39.16,-44.92,-42.48,-38.91
"2014-01-13 19:51:44.3",2431,-457.3,-909,-11.94,-1490,-1900,-27.08,-2249,-2504,-23.38,-100.4,-53.83,-39.63,-46.14,-43.59,-39.73
"2014-01-13 19:51:44.4",2432,-457.3,-909,-11.94,-1490,-1900,-27.08,-2259,-2511,-23.56,-100.6,-54.06,-40.09,-47.34,-44.69,-40.58
